end_index,window_len,y_true,y_hat,shap_lag_t-1,shap_lag_t-2,shap_lag_t-3,faithfulness_prtb_p90,faithfulness_sqnc_p90,faithfulness_prtb_p70,faithfulness_sqnc_p70,faithfulness_prtb_p50,faithfulness_sqnc_p50,ablation_mif_p90,ablation_lif_p90,ablation_mif_p70,ablation_lif_p70,ablation_mif_p50,ablation_lif_p50
100,100,0.5685494754771424,0.32626504,0.15164753434302675,0.32253290559853265,0.02894073039856565,0.44058161973953247,0.00034749507904052734,0.44058161973953247,0.00034749507904052734,0.413459837436676,0.00034749507904052734,0.13202911615371704,0.1034688949584961,0.13202911615371704,0.1034688949584961,0.06618830561637878,0.16403940320014954
101,100,2.1857970145575623,0.65830874,0.12551508970475445,0.13306581587258634,0.23386439358130673,0.4106827974319458,0.5280734300613403,0.4106827974319458,0.5280734300613403,0.5365560054779053,0.5280734300613403,0.09245038032531738,0.49463367462158203,0.09245038032531738,0.49463367462158203,0.06230419874191284,0.5496984124183655
102,100,1.6877002297842354,1.1295862,0.037157636059006516,0.13626893928524153,0.05647646121143063,0.35621827840805054,0.5699324011802673,0.35621827840805054,0.5699324011802673,0.24590039253234863,0.6809309720993042,0.35621827840805054,0.1938726305961609,0.35621827840805054,0.1938726305961609,0.4111825227737427,0.24344950914382935
103,100,0.1630965517577862,1.2540722,0.39694506153976367,0.05387885302714851,0.05626226160227232,0.7529565095901489,0.7529565095901489,0.7529565095901489,0.7529565095901489,0.7880048155784607,1.10909104347229,0.7529565095901489,0.15478849411010742,0.7529565095901489,0.15478849411010742,0.8526980876922607,0.2615537643432617
104,100,-0.095682635810752,1.4364027,0.34482741128026007,0.3089238965429393,0.026082768857069505,0.47876566648483276,0.7124260663986206,0.47876566648483276,0.7124260663986206,1.0659170150756836,1.2984505891799927,0.7124260663986206,0.07866477966308594,0.7124260663986206,0.07866477966308594,1.0054383277893066,0.35710838437080383
105,100,0.2924141055268187,0.96587074,0.23429474039355308,0.19490658963592003,0.16373633752061725,0.5940572023391724,0.06361520290374756,0.5940572023391724,0.06361520290374756,0.3592411279678345,0.48884153366088867,0.06361520290374756,0.3098129630088806,0.06361520290374756,0.3098129630088806,0.2762283682823181,0.5282169580459595
106,100,0.0294548192065376,0.34086406,0.4220373183744879,0.17208347464447582,0.07411673808425556,0.7434837818145752,0.035401612520217896,0.7434837818145752,0.035401612520217896,1.0531002283096313,0.002706468105316162,0.035401612520217896,0.18048502504825592,0.035401612520217896,0.18048502504825592,0.01905404031276703,0.19821465015411377
107,100,2.2939972518502536,0.07278073,0.2938503341115628,0.26276117701505863,0.07853177013163715,0.11716282367706299,0.11716282367706299,0.11716282367706299,0.11716282367706299,0.023964405059814453,0.09014636278152466,0.11716282367706299,0.023998379707336426,0.11716282367706299,0.023998379707336426,0.10365459322929382,0.01393929123878479
108,100,2.923202866692502,0.4050916,0.2629980004018114,0.12982607492696974,0.21608467536411954,0.11058953404426575,0.014092862606048584,0.11058953404426575,0.014092862606048584,0.26878800988197327,0.11485534906387329,0.014092862606048584,0.13212168216705322,0.014092862606048584,0.13212168216705322,0.015774011611938477,0.11643506586551666
109,100,4.385396539456648,1.2497784,0.390262009211115,0.12344589664303149,0.0644812269769992,0.694815993309021,0.694815993309021,0.694815993309021,0.694815993309021,0.17798805236816406,0.7037289142608643,0.694815993309021,0.06114053726196289,0.694815993309021,0.06114053726196289,0.6992724537849426,0.06490594148635864
110,100,5.384914329787354,1.7815213,0.5490804149215575,0.29047908377913667,0.06419260157240225,0.7897024154663086,0.7897024154663086,0.7897024154663086,0.7897024154663086,1.1992368698120117,1.397052526473999,0.7897024154663086,0.002876877784729004,0.7897024154663086,0.002876877784729004,1.0933774709701538,0.2068735957145691
111,100,3.233724212501354,2.2907448,0.7809099657173006,0.35025299190706805,0.16509757133335223,0.9727028608322144,0.9727028608322144,0.9727028608322144,0.9727028608322144,1.226639747619629,1.69600248336792,0.9727028608322144,0.1699213981628418,0.9727028608322144,0.1699213981628418,1.334352731704712,0.4179271459579468
112,100,2.630296293278509,2.446426,0.8113414394217976,0.4298282702136592,0.18872836781377655,0.8887500762939453,0.8887500762939453,0.8887500762939453,0.8887500762939453,1.3763014078140259,1.6704471111297607,0.8887500762939453,0.15378046035766602,0.8887500762939453,0.15378046035766602,1.279598593711853,0.4522445797920227
113,100,-0.2750326374993004,2.2954733,0.5835136330952146,0.4213132794780008,0.24612198937748309,0.185011625289917,0.7729223966598511,0.185011625289917,0.7729223966598511,0.6117945909500122,1.370180368423462,0.7729223966598511,0.20810770988464355,0.7729223966598511,0.20810770988464355,1.0715513229370117,0.5196888446807861
114,100,-0.8352859045985312,1.9433011,0.5755515313640088,0.34872095839878914,0.17590676970088592,0.02883768081665039,0.9013738632202148,0.02883768081665039,0.9013738632202148,0.03909945487976074,1.5247139930725098,0.9013738632202148,0.1596595048904419,0.9013738632202148,0.1596595048904419,1.2130439281463623,0.45070868730545044
115,100,0.3868995782028276,1.4392502,0.31312288359268436,0.3692525960889058,0.2822453893490675,0.34067726135253906,0.40960693359375,0.34067726135253906,0.40960693359375,0.5658190250396729,0.40960693359375,0.5251764059066772,0.388469934463501,0.5251764059066772,0.388469934463501,0.4673916697502136,0.3347393274307251
116,100,-0.5061046609778611,0.18098503,0.6788939425331316,0.2565884159180203,0.13363836185936262,1.4038097858428955,0.31601482629776,1.4038097858428955,0.31601482629776,1.848475694656372,0.3897020220756531,0.31601482629776,0.2414812594652176,0.31601482629776,0.2414812594652176,0.35285842418670654,0.21381229162216187
117,100,-1.0966664961102106,0.088865995,0.2828629958312127,0.47443034758477676,0.1251998142534516,0.549721360206604,0.06253421306610107,0.549721360206604,0.06253421306610107,0.3852182626724243,0.06253421306610107,0.206881582736969,0.025106653571128845,0.206881582736969,0.025106653571128845,0.13470789790153503,0.06408804655075073
118,100,-0.6620577298005769,-0.014105439,0.6967377469353249,0.14459516471603917,0.15800246598896683,0.5636236667633057,0.17496924102306366,0.5636236667633057,0.17496924102306366,0.8041679263114929,0.1631132960319519,0.17496924102306366,0.07645750045776367,0.17496924102306366,0.07645750045776367,0.2165280282497406,0.04394584894180298
119,100,0.1754368327989381,-0.24527925,0.7883323836060322,0.2976549613670386,0.046387347543157764,0.9273574352264404,0.3071218729019165,0.9273574352264404,0.3071218729019165,1.3003692626953125,0.4262150526046753,0.3071218729019165,0.045155346393585205,0.3071218729019165,0.045155346393585205,0.3666684627532959,0.04686453938484192
120,100,-0.2160074768721177,-0.42480636,0.5915452911425703,0.510932575232794,0.20888984634755414,0.22341494262218475,0.17441299557685852,0.22341494262218475,0.17441299557685852,0.729590654373169,0.47686517238616943,0.17441299557685852,0.06544703245162964,0.17441299557685852,0.06544703245162964,0.3256390690803528,0.20211730897426605
121,100,-0.4550851135950681,-0.24530722,0.3573975797832217,0.43022437387264467,0.3243319991835203,0.4471963942050934,0.11757178604602814,0.4471963942050934,0.11757178604602814,0.3695591390132904,0.11757178604602814,0.18819402158260345,0.20604629814624786,0.18819402158260345,0.20604629814624786,0.1528829038143158,0.17058488726615906
122,100,0.3989993938263497,-0.32236743,0.5460842395668588,0.2614763771084576,0.3124450345578061,0.20886768400669098,0.06860965490341187,0.20886768400669098,0.06860965490341187,0.5647420883178711,0.14524103701114655,0.06860965490341187,0.04816019535064697,0.06860965490341187,0.04816019535064697,0.13581761717796326,0.059428781270980835
123,100,0.6064472134032157,-0.22450297,0.6609528124127602,0.3045427583644479,0.061522383306854,0.453438401222229,0.17374080419540405,0.453438401222229,0.17374080419540405,0.6416751146316528,0.23240773379802704,0.17374080419540405,0.020161151885986328,0.17374080419540405,0.020161151885986328,0.20307427644729614,0.02681659162044525
124,100,0.2599548637513032,0.045342714,0.24427971679115612,0.4500449568391667,0.19909530030595468,0.46096524596214294,0.02520751953125,0.46096524596214294,0.02520751953125,0.2632356882095337,0.02520751953125,0.1458967924118042,0.036722078919410706,0.1458967924118042,0.036722078919410706,0.0855521559715271,0.0790758803486824
125,100,0.5585173357033568,0.35657716,0.19427142801768174,0.12119914904953705,0.06184810805822549,0.2827315330505371,0.2827315330505371,0.2827315330505371,0.2827315330505371,0.3217776417732239,0.3628101348876953,0.2827315330505371,0.020373642444610596,0.2827315330505371,0.020373642444610596,0.3227708339691162,0.04759031534194946
126,100,0.5874511310549216,0.9966622,0.10874446281759995,0.03080657819650834,0.029999301336782566,0.028888165950775146,0.08986121416091919,0.028888165950775146,0.08986121416091919,0.18248134851455688,0.31336814165115356,0.08986121416091919,0.13594073057174683,0.08986121416091919,0.13594073057174683,0.20161467790603638,0.2535361647605896
127,100,0.7915236634429488,0.40548432,0.15153423320386822,0.1454577898779481,0.015149372869852906,0.22191700339317322,0.24153068661689758,0.22191700339317322,0.24153068661689758,0.1980057656764984,0.3111256957054138,0.24153068661689758,0.07878497242927551,0.24153068661689758,0.07878497242927551,0.2763282060623169,0.1165342777967453
128,100,2.7250621635688983,0.58356607,0.05695095772877386,0.028498301890605177,0.06577282298445904,0.013397455215454102,0.42393600940704346,0.013397455215454102,0.42393600940704346,0.20137083530426025,0.42393600940704346,0.05222594738006592,0.16595742106437683,0.05222594738006592,0.16595742106437683,0.15903742611408234,0.26995527744293213
129,100,2.1611377714816,0.73491967,0.05597582156049835,0.037396200769340915,0.019405699459854986,0.3271028995513916,0.3271028995513916,0.3271028995513916,0.3271028995513916,0.41104286909103394,0.45931512117385864,0.3271028995513916,0.06417524814605713,0.3271028995513916,0.06417524814605713,0.3932090103626251,0.13110700249671936
130,100,1.4404269946571002,1.5282252,0.7096238551834193,0.09770686417510865,0.04226948236374495,1.0096538066864014,1.0096538066864014,1.0096538066864014,1.0096538066864014,0.6935209035873413,1.3060476779937744,1.0096538066864014,0.1036684513092041,1.0096538066864014,0.1036684513092041,1.157850742340088,0.2143229842185974
131,100,2.758877088651655,1.5751401,0.4838715224331599,0.3509021417023387,0.04553908619171987,0.4883229732513428,0.7148431539535522,0.4883229732513428,0.7148431539535522,1.0256925821304321,1.2698588371276855,0.7148431539535522,0.09138357639312744,0.7148431539535522,0.09138357639312744,0.9923509955406189,0.34135496616363525
132,100,1.813304383369287,1.4663452,0.27983934055898596,0.3240740938284961,0.2254888854306386,0.24394607543945312,0.9743549823760986,0.24394607543945312,0.9743549823760986,0.29696667194366455,0.9743549823760986,0.3870832920074463,0.2506294250488281,0.3870832920074463,0.2506294250488281,0.6807191371917725,0.5247446298599243
133,100,3.393856461542694,1.7346066,0.5991806880606154,0.20001836474088774,0.1996931738677814,0.8359375,0.8359375,0.8359375,0.8359375,0.863652765750885,1.2555346488952637,0.8359375,0.2682778835296631,0.8359375,0.2682778835296631,1.0457360744476318,0.46563756465911865
134,100,2.905994823896676,1.6548122,0.4333472133860555,0.4150775480772211,0.13129407062460896,0.2946864366531372,0.6897866725921631,0.2946864366531372,0.6897866725921631,0.8569711446762085,1.3360390663146973,0.6897866725921631,0.13683795928955078,0.6897866725921631,0.13683795928955078,1.0129128694534302,0.4507097601890564
135,100,2.741306468000397,1.9612898,0.7066149524704289,0.26802476853951585,0.22024955037225935,0.8023635149002075,0.8023635149002075,0.8023635149002075,0.8023635149002075,0.8417233228683472,1.284461498260498,0.8023635149002075,0.16659700870513916,0.8023635149002075,0.16659700870513916,1.043412446975708,0.3373538851737976
136,100,3.263802615195622,1.966726,0.495283704660705,0.4539087725886465,0.17245589615937162,0.40472352504730225,0.538488507270813,0.40472352504730225,0.538488507270813,1.1602228879928589,1.3652998208999634,0.538488507270813,0.18902814388275146,0.538488507270813,0.18902814388275146,0.9518941640853882,0.5351455807685852
137,100,4.207005062008131,1.9932176,0.743269498149554,0.40347247849829826,0.20292568155580337,0.7521867752075195,1.0540218353271484,0.7521867752075195,1.0540218353271484,1.2451560497283936,1.7131850719451904,1.0540218353271484,0.22441792488098145,1.0540218353271484,0.22441792488098145,1.3836034536361694,0.5448886752128601
138,100,4.8433542983071725,2.2653265,0.4998394732213105,0.319601051330157,0.28592060496102456,0.5175641775131226,0.5175641775131226,0.5175641775131226,0.5175641775131226,0.8116023540496826,0.9494994878768921,0.5175641775131226,0.23397088050842285,0.5175641775131226,0.23397088050842285,0.7335318326950073,0.4945293068885803
139,100,4.230091589992733,2.4016588,0.9249680117924806,0.44187944044464644,0.22863265092379015,1.1433472633361816,1.1433472633361816,1.1433472633361816,1.1433472633361816,1.638861894607544,1.9621431827545166,1.1433472633361816,0.25176072120666504,1.1433472633361816,0.25176072120666504,1.5527452230453491,0.6092071533203125
140,100,3.531157189098767,2.5866358,0.9421992571736428,0.4908844305528811,0.3225982538472434,0.9590080976486206,0.9590080976486206,0.9590080976486206,0.9590080976486206,1.437882900238037,1.6236069202423096,0.9590080976486206,0.2149181365966797,0.9590080976486206,0.2149181365966797,1.2913074493408203,0.5307493805885315
141,100,3.6162485751268743,2.7092931,0.9727933081923068,0.6335376381259608,0.2978467777678646,0.9218333959579468,1.169245719909668,0.9218333959579468,1.169245719909668,1.9982330799102783,2.26409912109375,1.169245719909668,0.2973952293395996,1.169245719909668,0.2973952293395996,1.716672420501709,0.7825701832771301
142,100,3.466955277636461,2.4481244,0.8199211852208956,0.46162091666685345,0.33795552136843776,0.5144908428192139,0.9721312522888184,0.5144908428192139,0.9721312522888184,0.9044206142425537,1.667290210723877,0.9721312522888184,0.2759723663330078,0.9721312522888184,0.2759723663330078,1.3197107315063477,0.6556198596954346
143,100,2.5494607002847056,2.484711,0.6029034558414799,0.3851319925149075,0.3502216600265702,0.4686410427093506,0.6238787174224854,0.4686410427093506,0.6238787174224854,0.7489126920700073,1.1495602130889893,0.6238787174224854,0.280994176864624,0.6238787174224854,0.280994176864624,0.8867194652557373,0.6053463816642761
144,100,2.776074743624372,2.392493,0.8606060947646798,0.5299822493773148,0.2676048419371093,1.0430021286010742,1.0990097522735596,1.0430021286010742,1.0990097522735596,1.857189655303955,1.9189739227294922,1.0990097522735596,0.2341291904449463,1.0990097522735596,0.2341291904449463,1.5089918375015259,0.6399307250976562
145,100,3.5527510492026217,2.463625,0.5257329695515613,0.5196312098248617,0.3696962789251532,0.30994749069213867,0.6441019773483276,0.30994749069213867,0.6441019773483276,0.9828535318374634,1.525125503540039,0.6441019773483276,0.3972043991088867,0.6441019773483276,0.3972043991088867,1.0846138000488281,0.8413918018341064
146,100,3.4172380036953163,2.2885902,0.5566217655706447,0.39196020056240743,0.40303313012692543,0.5237215757369995,0.771757960319519,0.5237215757369995,0.771757960319519,1.1297054290771484,2.211310625076294,0.771757960319519,0.4800746440887451,0.771757960319519,0.4800746440887451,1.0912339687347412,0.8465608954429626
147,100,4.702802178305029,2.5887191,0.7593512802138366,0.49308450271685944,0.26824517852764296,0.9707828760147095,0.9707828760147095,0.9707828760147095,0.9707828760147095,1.6524579524993896,2.0659823417663574,0.9707828760147095,0.3662419319152832,0.9707828760147095,0.3662419319152832,1.5183825492858887,0.8005624413490295
148,100,4.712523980277922,2.7480447,0.6635127536363622,0.589188036640075,0.35593929766482124,0.6795954704284668,0.7295100688934326,0.6795954704284668,0.7295100688934326,1.7342270612716675,1.8033263683319092,0.7295100688934326,0.3770334720611572,0.7295100688934326,0.3770334720611572,1.266418218612671,0.8613579869270325
149,100,4.166658983263866,2.9434767,0.9623792293094278,0.5179410912352529,0.36647685631290394,1.0766185522079468,1.0766185522079468,1.0766185522079468,1.0766185522079468,1.5626243352890015,2.102393388748169,1.0766185522079468,0.35621166229248047,1.0766185522079468,0.35621166229248047,1.589505910873413,0.7699440121650696
150,100,3.944361236454728,3.1435099,1.3189294147737247,0.6779621801886362,0.2512743854799222,1.838250756263733,1.838250756263733,1.838250756263733,1.838250756263733,2.941309928894043,2.944002628326416,1.838250756263733,0.3459920883178711,1.838250756263733,0.3459920883178711,2.3911266326904297,0.8973098397254944
151,100,3.0786070752764143,3.081133,0.8730976100486166,0.6702663412003995,0.3667508956441763,0.8161795139312744,1.0453577041625977,0.8161795139312744,1.0453577041625977,2.1467928886413574,2.4073824882507324,1.0453577041625977,0.40616607666015625,1.0453577041625977,0.40616607666015625,1.726370096206665,0.969246506690979
152,100,1.8205586018189657,2.930971,1.0242680759133953,0.5958017485017839,0.2772708067164795,1.0424076318740845,1.4559944868087769,1.0424076318740845,1.4559944868087769,2.038051128387451,2.617569923400879,1.4559944868087769,0.3611276149749756,1.4559944868087769,0.3611276149749756,2.0367822647094727,0.8756847977638245
153,100,2.185260936087391,2.8401864,0.8642880942710897,0.7278612178471895,0.2864951684149273,0.8639438152313232,1.4357211589813232,0.8639438152313232,1.4357211589813232,2.1026101112365723,2.720914840698242,1.4357211589813232,0.44736576080322266,1.4357211589813232,0.44736576080322266,2.0783181190490723,1.0567668676376343
154,100,1.1624761816886795,2.5282774,0.29477425756195363,0.495347854319666,0.5033282180896018,0.6257779598236084,2.3951051235198975,0.6257779598236084,2.3951051235198975,1.3302738666534424,2.3951051235198975,0.6257779598236084,0.5032787322998047,0.6257779598236084,0.5032787322998047,1.1512951850891113,0.9046130776405334
155,100,0.727994786569073,2.0369241,0.42995960500949026,0.2240724666844226,0.3325480509139723,0.5121759176254272,0.9101443290710449,0.5121759176254272,0.9101443290710449,1.1090326309204102,2.067887783050537,0.9101443290710449,0.48830604553222656,0.9101443290710449,0.48830604553222656,1.2200618982315063,0.8214507102966309
156,100,0.5994726253849776,2.2708247,0.13023778860204405,0.43163279300600393,0.27245581928397367,0.699073314666748,1.245737075805664,0.699073314666748,1.245737075805664,1.2856874465942383,1.9668869972229004,0.699073314666748,0.38034796714782715,0.699073314666748,0.38034796714782715,1.0716311931610107,0.6801227331161499
157,100,0.9435342467114654,1.6727511,0.05628779890252539,0.14051442348823906,0.33838387491674365,0.6652402877807617,1.5250723361968994,0.6652402877807617,1.5250723361968994,0.7275603413581848,1.5250723361968994,0.6652402877807617,0.26399850845336914,0.6652402877807617,0.26399850845336914,0.9401758313179016,0.4958471357822418
158,100,1.3236174827707892,1.3818414,0.11152305811502801,0.030434113267898535,0.07408092440429229,0.01634812355041504,0.28655266761779785,0.01634812355041504,0.28655266761779785,0.46948540210723877,1.074479341506958,0.28655266761779785,0.32618534564971924,0.28655266761779785,0.32618534564971924,0.5184889435768127,0.5564143657684326
159,100,1.260909346042437,1.7046335,0.066401354862934,0.007025650222353838,0.009613362304175019,0.3492732048034668,0.3492732048034668,0.3492732048034668,0.3492732048034668,0.6131616830825806,1.0551836490631104,0.3492732048034668,0.2599591016769409,0.3492732048034668,0.2599591016769409,0.5384522080421448,0.4444630742073059
160,100,-0.7738177253150642,1.4210103,0.11141846063978891,0.007772673612710321,0.101775420541616,0.5271931886672974,0.5271931886672974,0.5271931886672974,0.5271931886672974,0.48415058851242065,1.0788023471832275,0.5271931886672974,0.37760627269744873,0.5271931886672974,0.37760627269744873,0.6258419752120972,0.47194111347198486
161,100,-0.8771833828355056,1.7448655,0.07270712256303569,0.12455032378614304,0.031628995276091754,0.40385448932647705,0.8377569913864136,0.40385448932647705,0.8377569913864136,0.8142766952514648,0.8377569913864136,0.40385448932647705,0.2503330707550049,0.40385448932647705,0.2503330707550049,0.6208057403564453,0.45868247747421265
162,100,-1.560133538251791,0.88092494,0.7180918489304401,0.07855155467795016,0.06391446493066777,1.0846474170684814,0.35305821895599365,1.0846474170684814,0.35305821895599365,0.7411091327667236,0.11803841590881348,0.35305821895599365,0.34293055534362793,0.35305821895599365,0.34293055534362793,0.23554831743240356,0.5573425889015198
163,100,-1.531977747574148,0.28754333,0.6366842114126559,0.5133363471664103,0.024143473005172167,0.8864163160324097,0.21044829487800598,0.8864163160324097,0.21044829487800598,1.692954659461975,0.412573903799057,0.21044829487800598,0.13552236557006836,0.21044829487800598,0.13552236557006836,0.3115110993385315,0.07503171265125275
164,100,-0.4118269793569208,-0.24652514,0.8361668341866728,0.4276770214739023,0.23764815628592606,0.45463335514068604,0.24010597169399261,0.45463335514068604,0.24010597169399261,0.6823022365570068,0.39827245473861694,0.24010597169399261,0.03661543130874634,0.24010597169399261,0.03661543130874634,0.3191892206668854,0.0832335501909256
165,100,0.4032588969953312,-0.19323596,0.7531349982848692,0.48455945914451193,0.16061265172622474,0.2930688261985779,0.1651279330253601,0.2930688261985779,0.1651279330253601,0.6696324348449707,0.35088950395584106,0.1651279330253601,0.013920426368713379,0.1651279330253601,0.013920426368713379,0.2580087184906006,0.06511403620243073
166,100,0.5638252280818148,-0.10788208,0.5971967306666561,0.5017689000015049,0.217312547864706,0.08594218641519547,0.08594218641519547,0.08594218641519547,0.08594218641519547,0.4879678189754486,0.2976303696632385,0.08594218641519547,0.07409214973449707,0.08594218641519547,0.07409214973449707,0.1917862743139267,0.18463340401649475
167,100,1.0131168218626274,0.30591902,0.28519304744464025,0.4250807147921157,0.45103808326000183,0.5553179979324341,0.15159082412719727,0.5553179979324341,0.15159082412719727,0.9676514863967896,0.15159082412719727,0.18175125122070312,0.10552647709846497,0.18175125122070312,0.10552647709846497,0.23467667400836945,0.07085785269737244
168,100,-0.566932219807574,1.1950384,0.09340299535350732,0.12947531098250215,0.36765294257052183,0.44503068923950195,0.17350661754608154,0.44503068923950195,0.17350661754608154,0.37218987941741943,0.17350661754608154,0.14038383960723877,0.1753368377685547,0.14038383960723877,0.1753368377685547,0.07132875919342041,0.24735629558563232
169,100,-0.2996021116350952,0.82043666,0.14480922646385297,0.21312722735286183,0.11172872066139339,0.02926921844482422,0.5196164846420288,0.02926921844482422,0.5196164846420288,0.43482235074043274,0.5196164846420288,0.13965058326721191,0.04293406009674072,0.13965058326721191,0.04293406009674072,0.32963353395462036,0.24357359111309052
170,100,0.3593307244979253,0.5037383,0.7081029908251514,0.06491494286306143,0.11321265895649346,0.8407984972000122,0.21188569068908691,0.8407984972000122,0.21188569068908691,0.8183079957962036,0.13027924299240112,0.21188569068908691,0.22646355628967285,0.21188569068908691,0.22646355628967285,0.1627872884273529,0.25979703664779663
171,100,-0.3913949773530796,0.19997369,0.5920618582273678,0.37964656329441704,0.06356977205403491,0.4450675845146179,0.06678934395313263,0.4450675845146179,0.06678934395313263,0.9182673692703247,0.13589058816432953,0.06678934395313263,0.03810814023017883,0.06678934395313263,0.03810814023017883,0.10133996605873108,0.025747306644916534
172,100,0.0533294084199731,0.32550275,0.307151653781482,0.49038225605034147,0.41573655913196683,0.2937772870063782,0.040292829275131226,0.2937772870063782,0.040292829275131226,0.696028470993042,0.0685594379901886,0.08432814478874207,0.11809304356575012,0.08432814478874207,0.11809304356575012,0.14277149736881256,0.06995533406734467
173,100,-0.3331504262596105,0.65048933,0.49711476617150263,0.18348209972131735,0.21981036890925404,0.36496496200561523,0.12217646837234497,0.36496496200561523,0.12217646837234497,0.5260710716247559,0.07901418209075928,0.12217646837234497,0.07963734865188599,0.12217646837234497,0.07963734865188599,0.1448459029197693,0.06000968813896179
174,100,0.6972907120337415,0.18360525,0.44375708734431,0.41785642002225937,0.16923579403368882,0.07706421613693237,0.015681296586990356,0.07706421613693237,0.015681296586990356,0.35262513160705566,0.06629431247711182,0.015681296586990356,0.04932612180709839,0.015681296586990356,0.04932612180709839,0.040987804532051086,0.039442986249923706
175,100,1.733182216713867,0.17620036,0.5182791279814496,0.2949025964050768,0.25956236883434647,0.1756768524646759,0.07675322890281677,0.1756768524646759,0.07675322890281677,0.16509273648262024,0.06732527911663055,0.07675322890281677,0.038447678089141846,0.07675322890281677,0.038447678089141846,0.07203925400972366,0.03390832990407944
176,100,1.0287223042431788,0.3176862,0.2579224635670889,0.38256677837971964,0.13684120377416875,0.26084232330322266,0.15021175146102905,0.26084232330322266,0.15021175146102905,0.019685328006744385,0.15021175146102905,0.05663418769836426,0.002841770648956299,0.05663418769836426,0.002841770648956299,0.10342296957969666,0.10062748938798904
177,100,2.4130773922512003,0.9494536,0.14732934985169038,0.1492406448086923,0.3182244637526599,0.5407534837722778,0.663213849067688,0.5407534837722778,0.663213849067688,0.6408165693283081,0.663213849067688,0.06490445137023926,0.5598150491714478,0.06490445137023926,0.5598150491714478,0.09805092215538025,0.6332589387893677
178,100,2.009308401470185,1.0927174,0.1301864345663602,0.09055451249953406,0.06751937810907667,0.16822731494903564,0.5230740904808044,0.16822731494903564,0.5230740904808044,0.5899560451507568,0.8579114675521851,0.5230740904808044,0.07922136783599854,0.5230740904808044,0.07922136783599854,0.6904927492141724,0.28932690620422363
179,100,3.904740116455245,1.8515667,0.40422099522119737,0.017691390652887495,0.13689842792003876,0.8745604753494263,0.8745604753494263,0.8745604753494263,0.8745604753494263,1.126011848449707,1.5848004817962646,0.8745604753494263,0.34714531898498535,0.8745604753494263,0.34714531898498535,1.0778629779815674,0.5598347187042236
180,100,3.0669357478827872,1.7172948,0.30249758811085076,0.3193682602821142,0.037547655352407006,0.7805517315864563,1.5443793535232544,0.7805517315864563,1.5443793535232544,1.4013699293136597,1.5443793535232544,0.7805517315864563,0.20970189571380615,0.7805517315864563,0.20970189571380615,1.1624655723571777,0.6449912190437317
181,100,2.8831389723143146,2.4629395,0.7334945207122469,0.22557595063679414,0.2086217591084567,1.1604076623916626,1.1604076623916626,1.1604076623916626,1.1604076623916626,1.1907902956008911,1.7904720306396484,1.1604076623916626,0.3886911869049072,1.1604076623916626,0.3886911869049072,1.4754397869110107,0.6747726798057556
182,100,2.8777312519769502,2.5829127,0.5794355554755815,0.5522926669836655,0.11257653514441812,0.7174203395843506,1.0764333009719849,0.7174203395843506,1.0764333009719849,1.7479374408721924,2.075218677520752,1.0764333009719849,0.3234851360321045,1.0764333009719849,0.3234851360321045,1.5758259296417236,0.8031259179115295
183,100,1.898662826115264,2.52991,0.5522493142698643,0.4132277024109745,0.31861875569799936,0.6556071043014526,1.06496000289917,0.6556071043014526,1.06496000289917,1.1816407442092896,1.839443325996399,1.06496000289917,0.49584412574768066,1.06496000289917,0.49584412574768066,1.4522016048431396,0.9425230622291565
184,100,0.0410257174755861,2.658793,0.5333744601388155,0.42974886967707765,0.3025320216219656,0.9454368352890015,1.039782166481018,0.9454368352890015,1.039782166481018,1.8428151607513428,2.0032105445861816,1.039782166481018,0.572134256362915,1.039782166481018,0.572134256362915,1.521496295928955,1.028261423110962
185,100,-0.7149168602035973,2.4779162,0.22376617707337743,0.4158585075660258,0.3417432231642947,0.6740655899047852,1.417984962463379,0.6740655899047852,1.417984962463379,1.4906916618347168,2.1746392250061035,0.676217794418335,0.4984639883041382,0.676217794418335,0.4984639883041382,1.0844734907150269,0.87302166223526
186,100,0.4555773806918541,1.6378338,0.3731149285519657,0.18605573872213133,0.31382590191778026,0.7620766162872314,0.014107227325439453,0.7620766162872314,0.014107227325439453,0.28181910514831543,1.1912823915481567,0.014107227325439453,0.5155532360076904,0.014107227325439453,0.5155532360076904,0.321455717086792,0.8470540046691895
187,100,0.0746141236686044,0.7495573,0.6541971742876415,0.36896284746447794,0.1437155836713071,1.1715753078460693,0.2701490521430969,1.1715753078460693,0.2701490521430969,1.6475262641906738,0.2536119818687439,0.2701490521430969,0.44804254174232483,0.2701490521430969,0.44804254174232483,0.2618805170059204,0.45275989174842834
188,100,-0.262147290459051,0.36379808,0.31474725853434127,0.5819546651107955,0.2335756083252707,0.5384663939476013,0.016009241342544556,0.5384663939476013,0.016009241342544556,0.3487454056739807,0.016009241342544556,0.1777469515800476,0.004718303680419922,0.1777469515800476,0.004718303680419922,0.09687809646129608,0.0749891847372055
189,100,1.286171257073007,0.40931323,0.3880691652240623,0.2511082119804475,0.5207520299607128,0.5646407604217529,0.00855216383934021,0.5646407604217529,0.00855216383934021,0.6898205280303955,0.00855216383934021,0.17515167593955994,0.13511252403259277,0.17515167593955994,0.13511252403259277,0.1614748239517212,0.14655601978302002
190,100,1.649216591890399,0.27023047,0.6637927076660888,0.2912863157561555,0.08863507482604083,0.28703242540359497,0.06530654430389404,0.28703242540359497,0.06530654430389404,0.3484122157096863,0.05436858534812927,0.06530654430389404,0.023455113172531128,0.06530654430389404,0.023455113172531128,0.05983756482601166,0.02800123393535614
191,100,2.196843530980881,0.69091785,0.08891560226883666,0.3918113862628379,0.11096170127289406,0.3923196792602539,0.40416449308395386,0.3923196792602539,0.40416449308395386,0.5011154413223267,0.4067854881286621,0.048601508140563965,0.4355049431324005,0.048601508140563965,0.4355049431324005,0.04637044668197632,0.43669748306274414
192,100,2.8559617157592485,1.0411644,0.07044505701749204,0.05570758610989446,0.2396569483660647,0.3200960159301758,0.7992510199546814,0.3200960159301758,0.7992510199546814,0.3264806866645813,0.7992510199546814,0.03414881229400635,0.3015957474708557,0.03414881229400635,0.3015957474708557,0.29789483547210693,0.5601891279220581
193,100,1.7014081762454103,1.6515428,0.28701567272511624,0.08949791900237475,0.007044022105941017,0.751090407371521,0.751090407371521,0.751090407371521,0.751090407371521,1.0260906219482422,1.158023476600647,0.751090407371521,0.2119072675704956,0.751090407371521,0.2119072675704956,0.954556941986084,0.4149399995803833
194,100,1.7065216022787202,2.3253918,0.4725495269218032,0.24157637430521356,0.07908896231364548,0.9468622207641602,0.9468622207641602,0.9468622207641602,0.9468622207641602,1.321926236152649,1.522341251373291,0.9468622207641602,0.26205015182495117,0.9468622207641602,0.26205015182495117,1.2346017360687256,0.5529098510742188
195,100,1.7316600324273206,2.464633,0.151261226277273,0.3204547991892934,0.2388434691348233,0.3943912982940674,0.8369942903518677,0.3943912982940674,0.8369942903518677,0.8165977001190186,1.6458494663238525,0.3943912982940674,0.23891377449035645,0.3943912982940674,0.23891377449035645,0.7285192012786865,0.46829748153686523
196,100,1.4337067139093342,2.3175411,0.2213135247608437,0.20721791803683176,0.28728271582999193,0.5464850664138794,1.8874256610870361,0.5464850664138794,1.8874256610870361,0.7513844966888428,1.8874256610870361,0.5464850664138794,0.5113201141357422,0.5464850664138794,0.5113201141357422,0.9129509925842285,0.9013165235519409
197,100,0.2316860492258854,1.477788,0.08277096212729573,0.06236729599356272,0.025642321025792336,0.7383705377578735,0.7383705377578735,0.7383705377578735,0.7383705377578735,1.0873751640319824,1.0917177200317383,0.7383705377578735,0.1996159553527832,0.7383705377578735,0.1996159553527832,0.9150441288948059,0.4284035861492157
198,100,0.7039508669727356,2.0782642,0.08148987442126993,0.16829585634120753,0.1380911307070164,0.42276692390441895,0.8668597936630249,0.42276692390441895,0.8668597936630249,0.8951206207275391,1.3629446029663086,0.42276692390441895,0.3504374027252197,0.42276692390441895,0.3504374027252197,0.6624571084976196,0.5753639936447144
199,100,-1.0082531218675903,0.68657625,0.5557710314073516,0.04301557044700227,0.0030891170206759355,0.5593831539154053,0.08340942859649658,0.5593831539154053,0.08340942859649658,0.1672152280807495,0.431649386882782,0.08340942859649658,0.13768237829208374,0.08340942859649658,0.13768237829208374,0.2575294077396393,0.27978217601776123
200,100,-1.8351382057004573,1.3093642,0.15193791523626987,0.25563593087173786,0.04209485794721568,0.32384514808654785,0.3644222021102905,0.32384514808654785,0.3644222021102905,0.332924485206604,0.3644222021102905,0.08690905570983887,0.32957106828689575,0.08690905570983887,0.32957106828689575,0.2256656289100647,0.46172598004341125
201,100,-2.4640055524051863,0.24865082,0.8334545845428283,0.20039265915188187,0.2686514553079491,1.0278257131576538,0.3260594308376312,1.0278257131576538,0.3260594308376312,1.113976001739502,0.06783217191696167,0.3260594308376312,0.1322607398033142,0.3260594308376312,0.1322607398033142,0.29856833815574646,0.1424795538187027
202,100,-2.6581705981336357,-0.1256493,1.017726663896923,0.6056851434851018,0.12324087250068816,1.337551474571228,0.40172913670539856,1.337551474571228,0.40172913670539856,2.2956578731536865,0.7144237756729126,0.40172913670539856,0.05009990930557251,0.40172913670539856,0.05009990930557251,0.5580764412879944,0.05631537362933159
203,100,-1.5942523796295565,-0.26741835,0.9936067921803988,0.44620265839845463,0.173077348478881,0.6180373430252075,0.23841261863708496,0.6180373430252075,0.23841261863708496,1.1241223812103271,0.380882203578949,0.23841261863708496,0.018315374851226807,0.23841261863708496,0.018315374851226807,0.30964741110801697,0.00948035717010498
204,100,0.1706315285825381,-0.5228775,0.8968850465369798,0.6506491103865641,0.3541904971054741,0.33315879106521606,0.16036438941955566,0.33315879106521606,0.16036438941955566,0.787879228591919,0.3977954387664795,0.16036438941955566,0.0429614782333374,0.16036438941955566,0.0429614782333374,0.2790799140930176,0.1069447249174118
205,100,1.833339470510112,-0.3215785,0.7067247453782568,0.5581947671972805,0.320929086251869,0.10242970287799835,0.10242970287799835,0.10242970287799835,0.10242970287799835,0.4390382766723633,0.2863844037055969,0.10242970287799835,0.053580403327941895,0.10242970287799835,0.053580403327941895,0.19440704584121704,0.12111485749483109
206,100,2.4420286934150814,-0.23773472,0.4532246690793953,0.6227400257889043,0.32613730963793186,0.4591372311115265,0.10891693830490112,0.4591372311115265,0.10891693830490112,0.39109891653060913,0.10891693830490112,0.15810248255729675,0.07095593214035034,0.15810248255729675,0.07095593214035034,0.13350971043109894,0.04931659251451492
207,100,2.657559401814801,0.63978803,0.1974980394208734,0.35999981963789385,0.47044489642483583,0.8264036178588867,0.5599721670150757,0.8264036178588867,0.5599721670150757,1.4007200002670288,0.5599721670150757,0.20563405752182007,0.6530230641365051,0.20563405752182007,0.6530230641365051,0.1781405806541443,0.667305588722229
208,100,0.0980082764478109,1.7159953,0.44748632634167385,0.1928364253279682,0.1716666671597874,0.9710201025009155,0.9710201025009155,0.9710201025009155,0.9710201025009155,1.3329472541809082,1.5075628757476807,0.9710201025009155,0.03743314743041992,0.9710201025009155,0.03743314743041992,1.2392914295196533,0.32731032371520996
209,100,1.2693229757568547,2.2906637,0.4005098657816951,0.3303444625944207,0.13809462959311714,0.6745095252990723,0.6745095252990723,0.6745095252990723,0.6745095252990723,1.3935068845748901,1.4704678058624268,0.6745095252990723,0.340661883354187,0.6745095252990723,0.340661883354187,1.0724886655807495,0.6831481456756592
210,100,3.7988929218389256,0.8497695,0.5860618915011997,0.2795981985750475,0.1070178270314362,1.2587848901748657,0.051014065742492676,1.2587848901748657,0.051014065742492676,0.38803112506866455,0.6959948539733887,0.051014065742492676,0.32852864265441895,0.051014065742492676,0.32852864265441895,0.3735044598579407,0.5657225847244263
211,100,3.885553374835715,1.5098873,0.09731927168750798,0.3046453412033334,0.33014137661116516,0.7316498756408691,1.3018739223480225,0.7316498756408691,1.3018739223480225,0.17894744873046875,1.3018739223480225,0.7316498756408691,0.6262379884719849,0.7316498756408691,0.6262379884719849,0.7502723932266235,0.6476438641548157
212,100,3.7817195110911377,1.8442385,0.7713964590322724,0.05676485805474596,0.26359083392110044,1.3199375867843628,1.3199375867843628,1.3199375867843628,1.3199375867843628,0.40964043140411377,1.742456078529358,1.3199375867843628,0.45035815238952637,1.3199375867843628,0.45035815238952637,1.3319377899169922,0.46280360221862793
213,100,4.179087849801316,2.7429876,0.8794173424186578,0.6005250045267984,0.01242954580951805,1.4427425861358643,1.4427425861358643,1.4427425861358643,1.4427425861358643,2.4498276710510254,2.464287757873535,1.4427425861358643,0.19032859802246094,1.4427425861358643,0.19032859802246094,1.9535151720046997,0.6913560032844543
214,100,4.566480379153194,2.8731804,0.7399990000342782,0.5346242703010949,0.3268865542134267,1.0453087091445923,1.0954556465148926,1.0453087091445923,1.0954556465148926,2.221423864364624,2.26716947555542,1.0954556465148926,0.4361708164215088,1.0954556465148926,0.4361708164215088,1.6813125610351562,0.9558863043785095
215,100,4.32435674969398,3.0139258,0.8418528765337574,0.5253105041190107,0.3026662326555485,1.278709053993225,1.278709053993225,1.278709053993225,1.278709053993225,2.325002670288086,2.4405593872070312,1.278709053993225,0.4556407928466797,1.278709053993225,0.4556407928466797,1.8596341609954834,0.9490389823913574
216,100,3.605560890967182,3.0090394,0.5046916624908802,0.4398660348837111,0.38278490064275217,0.49292969703674316,0.49292969703674316,0.49292969703674316,0.49292969703674316,1.1119709014892578,1.2560608386993408,0.49292969703674316,0.31024670600891113,0.49292969703674316,0.31024670600891113,0.874495267868042,0.753427267074585
217,100,3.695672382828244,3.191948,0.9058695157471393,0.65169384618549,0.2827182444791818,1.3114458322525024,1.4166996479034424,1.3114458322525024,1.4166996479034424,2.6971516609191895,2.7893869876861572,1.4166996479034424,0.4537334442138672,1.4166996479034424,0.4537334442138672,2.1030433177948,1.0167642831802368
218,100,2.033615111406726,3.0012429,0.31630165004443445,0.3453277181001872,0.36589743125274843,0.35646581649780273,2.0581185817718506,0.35646581649780273,2.0581185817718506,1.0249600410461426,2.0581185817718506,0.35646581649780273,0.37082886695861816,0.35646581649780273,0.37082886695861816,0.7282952070236206,0.6242519617080688
219,100,0.0208393897087277,2.924158,0.711004546264193,0.46419243110004627,0.2896722084570582,1.0008049011230469,1.283193826675415,1.0008049011230469,1.283193826675415,1.8584010601043701,2.3464884757995605,1.283193826675415,0.49616193771362305,1.283193826675415,0.49616193771362305,1.8148411512374878,0.9647248983383179
220,100,1.4369869664017123,2.6307678,0.23808505967310678,0.49174190709476173,0.28517520478910563,0.8467872142791748,1.8094589710235596,0.8467872142791748,1.8094589710235596,1.5699632167816162,2.354994058609009,0.8467872142791748,0.6519815921783447,0.8467872142791748,0.6519815921783447,1.216343879699707,0.9902018308639526
221,100,0.8557714844368963,2.0821714,0.3263308941242626,0.23093766763268725,0.46855465240162064,0.9568787813186646,1.7439188957214355,0.9568787813186646,1.7439188957214355,0.13309407234191895,1.7439188957214355,0.9568787813186646,0.6547318696975708,0.9568787813186646,0.6547318696975708,0.9614872932434082,0.6592510938644409
222,100,1.50072807599527,1.4901652,0.017335544273103853,0.4086971715015847,0.1360174643317445,0.6700854301452637,0.5844334959983826,0.6700854301452637,0.5844334959983826,0.1479283571243286,1.0648651123046875,0.008469343185424805,0.5762823224067688,0.008469343185424805,0.5762823224067688,0.2852701246738434,0.8177002668380737
223,100,2.928176842353762,1.1134597,0.18469439906506607,0.03054624305609177,0.3360515594277596,0.4274260997772217,0.8473497033119202,0.4274260997772217,0.8473497033119202,0.31913208961486816,0.8473497033119202,0.006554126739501953,0.5295975208282471,0.006554126739501953,0.5295975208282471,0.18556728959083557,0.6860731840133667
224,100,3.8792045033305143,1.2169747,0.033787182925902826,0.19898827880928194,0.024284306414348256,0.06693458557128906,0.8181682229042053,0.06693458557128906,0.8181682229042053,0.6591846942901611,0.8181682229042053,0.26431214809417725,0.24306541681289673,0.26431214809417725,0.24306541681289673,0.5412402153015137,0.5190137624740601
225,100,2.982180393523146,2.4391272,0.3447293170513359,0.11063719700855512,0.06293802475396748,0.7388783693313599,0.7388783693313599,0.7388783693313599,0.7388783693313599,0.7645198106765747,1.344563364982605,0.7388783693313599,0.2219691276550293,0.7388783693313599,0.2219691276550293,1.0417208671569824,0.464074969291687
226,100,3.076790197138251,2.500681,0.6362206884419793,0.31530417909020003,0.0011669695377350964,1.266788125038147,1.266788125038147,1.266788125038147,1.266788125038147,1.827396035194397,2.08620023727417,1.266788125038147,0.24765539169311523,1.266788125038147,0.24765539169311523,1.6764941215515137,0.6318981051445007
227,100,1.6716380484002311,2.9762266,0.39425077483928467,0.41456901737812113,0.2389081795907917,0.6238880157470703,1.7538700103759766,0.6238880157470703,1.7538700103759766,1.3234665393829346,1.7538700103759766,0.6238880157470703,0.3735795021057129,0.6238880157470703,0.3735795021057129,1.1888790130615234,0.856338620185852
228,100,1.4604908480494958,2.7695487,0.2576362389264649,0.2107531606536548,0.24565227590885336,0.22301530838012695,0.3565995693206787,0.22301530838012695,0.3565995693206787,0.6624250411987305,1.8098289966583252,0.3565995693206787,0.20251131057739258,0.3565995693206787,0.20251131057739258,0.6210634708404541,0.5476421117782593
229,100,2.407942996708261,2.2268212,0.06612454134574086,0.3478562732281551,0.18000304271367823,0.8311043977737427,1.5587821006774902,0.8311043977737427,1.5587821006774902,1.2870362997055054,1.9258286952972412,0.8311043977737427,0.6275112628936768,0.8311043977737427,0.6275112628936768,1.066880464553833,0.893926739692688
230,100,2.2304962263645978,2.3297982,0.07240731850317661,0.11111248600779897,0.2175092457624035,0.5202548503875732,1.6423087120056152,0.5202548503875732,1.6423087120056152,0.5929309129714966,1.6423087120056152,0.5202548503875732,0.5577441453933716,0.5202548503875732,0.5577441453933716,0.7941809892654419,0.8405903577804565
231,100,-0.8052383555510056,2.0881114,0.3181793936032199,0.008062828396193988,0.02560695350374953,1.0301780700683594,1.0301780700683594,1.0301780700683594,1.0301780700683594,1.2367761135101318,1.7775650024414062,1.0301780700683594,0.5415284633636475,1.0301780700683594,0.5415284633636475,1.2114765644073486,0.7187385559082031
232,100,-2.9295935348085163,2.2990975,0.2727273461693748,0.23507806361745776,0.005278369789476045,0.8133870363235474,0.8982710838317871,0.8133870363235474,0.8982710838317871,1.579775094985962,1.648270606994629,0.8982710838317871,0.2815377712249756,0.8982710838317871,0.2815377712249756,1.273270845413208,0.6499091982841492
233,100,-3.4239671731891455,0.78768474,0.9339483592121561,0.15567179498521938,0.1223500045304442,1.5088105201721191,0.36521095037460327,1.5088105201721191,0.36521095037460327,0.9643024802207947,0.28047406673431396,0.36521095037460327,0.4335396885871887,0.36521095037460327,0.4335396885871887,0.3228425085544586,0.6643128991127014
234,100,-1.785677115474939,-0.08570811,1.205376072617126,0.43115551928474305,0.012415421403355387,2.027846574783325,0.38329485058784485,2.027846574783325,0.38329485058784485,2.9442434310913086,0.5343326926231384,0.38329485058784485,0.016551434993743896,0.38329485058784485,0.016551434993743896,0.45881378650665283,0.011286258697509766
235,100,-1.4715597498440678,-0.48099732,1.118865371121676,0.6203361473004636,0.22565411072211594,1.0509958267211914,0.21235406398773193,1.0509958267211914,0.21235406398773193,2.178096294403076,0.5537779331207275,0.21235406398773193,0.016887545585632324,0.21235406398773193,0.016887545585632324,0.38306599855422974,0.07051688432693481
236,100,-1.2352270937340843,-0.51511556,0.902898785987824,0.6205938009231566,0.28423716572730995,0.20966961979866028,0.20966961979866028,0.20966961979866028,0.20966961979866028,0.6976729035377502,0.42393869161605835,0.20966961979866028,0.03363853693008423,0.20966961979866028,0.03363853693008423,0.3168041706085205,0.10595622658729553
237,100,-2.460243936584105,-0.44718567,0.9833601828267687,0.47989918712744184,0.15914665272657813,0.23352649807929993,0.23352649807929993,0.23352649807929993,0.23352649807929993,0.4307333528995514,0.39208319783210754,0.23352649807929993,0.003497600555419922,0.23352649807929993,0.003497600555419922,0.31280484795570374,0.034598395228385925
238,100,-2.094855759893232,-0.30189887,0.8454621350744744,0.5600198692677357,0.32755339395933336,0.22454454004764557,0.22454454004764557,0.22454454004764557,0.22454454004764557,0.4631335735321045,0.41697877645492554,0.22454454004764557,0.06301026046276093,0.22454454004764557,0.06301026046276093,0.32076165080070496,0.14505134522914886
239,100,-4.197497205989968,-0.5468434,1.015396003832215,0.5121264903009245,0.3442237638897192,0.6981534361839294,0.31670525670051575,0.6981534361839294,0.31670525670051575,0.970203697681427,0.5205621719360352,0.31670525670051575,0.04720860719680786,0.31670525670051575,0.04720860719680786,0.41863369941711426,0.0982964038848877
240,100,-3.4814662990688956,-0.8053687,1.0233859988697567,0.7299532375980129,0.3118866801108282,0.5719020962715149,0.31409406661987305,0.5719020962715149,0.31409406661987305,1.4671168327331543,0.6807256937026978,0.31409406661987305,0.03487938642501831,0.31409406661987305,0.03487938642501831,0.4974098801612854,0.13035771250724792
241,100,-2.017002827202179,-0.7080114,1.042856885344302,0.5177353116398823,0.273324413833135,0.711890459060669,0.0942528247833252,0.711890459060669,0.0942528247833252,1.0934770107269287,0.3418092727661133,0.0942528247833252,0.02935051918029785,0.0942528247833252,0.02935051918029785,0.21803104877471924,0.049379587173461914
242,100,-2.709679506532224,-1.5209894,1.2543123757460273,0.8630160425639233,0.40097711931696445,1.0386593341827393,0.4267306327819824,1.0386593341827393,0.4267306327819824,2.542309522628784,1.0269562005996704,0.4267306327819824,0.1629868745803833,0.4267306327819824,0.1629868745803833,0.7268434166908264,0.3831065893173218
243,100,-1.4093001694462497,-1.165357,0.986446464479072,0.743652337649997,0.3769685638383595,0.22639966011047363,0.22639966011047363,0.22639966011047363,0.22639966011047363,1.007667899131775,0.5753294229507446,0.22639966011047363,0.09929823875427246,0.22639966011047363,0.09929823875427246,0.40086454153060913,0.2336997389793396
244,100,-2.035532357543629,-0.7256678,0.8817109894167464,0.46902087494679745,0.2886050725803804,0.44251009821891785,0.277151882648468,0.44251009821891785,0.277151882648468,0.6933233141899109,0.4854189455509186,0.277151882648468,0.06287693977355957,0.277151882648468,0.06287693977355957,0.3812854290008545,0.10881853103637695
245,100,-1.7257941652963087,-1.8147135,0.9986011862652409,1.139495318211436,0.5180027523042816,0.9163670539855957,0.911628007888794,0.9163670539855957,0.911628007888794,1.630733609199524,0.911628007888794,0.44516026973724365,0.16075968742370605,0.44516026973724365,0.16075968742370605,0.6783941388130188,0.32989901304244995
246,100,-1.7235992272898577,-1.488544,0.9567508100951249,0.6257182029668001,0.5910714762061322,0.4730386734008789,0.28294897079467773,0.4730386734008789,0.28294897079467773,0.8102900385856628,0.5785265564918518,0.28294897079467773,0.2627551555633545,0.28294897079467773,0.2627551555633545,0.43073776364326477,0.3838917315006256
247,100,-1.4949850483003648,-1.2495459,0.8845108165197662,0.6251648439788916,0.29893211018825383,0.3845619559288025,0.294688880443573,0.3845619559288025,0.294688880443573,0.9774641394615173,0.6529873609542847,0.294688880443573,0.10873770713806152,0.294688880443573,0.10873770713806152,0.47383812069892883,0.23909738659858704
248,100,0.1469732577378901,-0.911589,0.8396453322503473,0.4890055996573872,0.24253266386022077,0.2646303176879883,0.2646303176879883,0.2646303176879883,0.2646303176879883,0.5363031029701233,0.5358254909515381,0.2646303176879883,0.07728707790374756,0.2646303176879883,0.07728707790374756,0.4002279043197632,0.1605646014213562
249,100,0.9813060572670104,-0.79941726,0.7575901902322354,0.5269206536236086,0.2741949733609137,0.2551290988922119,0.2551290988922119,0.2551290988922119,0.2551290988922119,0.5779925584793091,0.524212121963501,0.2551290988922119,0.07707422971725464,0.2551290988922119,0.07707422971725464,0.38967061042785645,0.17424660921096802
250,100,0.1919738864888488,-0.8737645,0.31188045477949056,0.6984009463660086,0.30885590080338265,1.0602872371673584,0.37352973222732544,1.0602872371673584,0.37352973222732544,0.9674093127250671,0.37352973222732544,0.4562632441520691,0.2248018980026245,0.4562632441520691,0.2248018980026245,0.41489648818969727,0.18724679946899414
251,100,-2.580902935365825,0.19197029,0.15812186540914153,0.15989667375626426,0.26467091934531417,0.5011534690856934,0.4348881244659424,0.5011534690856934,0.4348881244659424,0.7412877082824707,0.4348881244659424,0.22367870807647705,0.5637242794036865,0.22367870807647705,0.5637242794036865,0.19298771023750305,0.5923008918762207
252,100,-1.4162764646614534,0.05667141,0.3250101562269364,0.12738095321196458,0.09432766397077194,0.36575210094451904,0.11356203258037567,0.36575210094451904,0.11356203258037567,0.0844448059797287,0.5439192056655884,0.11356203258037567,0.039766356348991394,0.11356203258037567,0.039766356348991394,0.3287406265735626,0.25856226682662964
253,100,-0.5346285812461293,-1.1764975,1.4579356881658647,0.14993767076751197,0.04376168221337684,2.9977333545684814,1.0619102716445923,2.9977333545684814,1.0619102716445923,3.172013521194458,0.9842498302459717,1.0619102716445923,0.13007187843322754,1.0619102716445923,0.13007187843322754,1.0230801105499268,0.15333199501037598
254,100,-0.3556259894072144,-1.5833054,1.0089658794610976,0.8878334920174884,0.07820921607597198,1.3947151899337769,0.47645092010498047,1.3947151899337769,0.47645092010498047,3.278034210205078,1.2214877605438232,0.47645092010498047,0.02044987678527832,0.47645092010498047,0.02044987678527832,0.8489693403244019,0.25903499126434326
255,100,-0.8977632099013247,-1.2810588,0.5502777953225724,0.6335292661568959,0.5166211547874096,0.48711955547332764,0.4101409912109375,0.48711955547332764,0.4101409912109375,0.6864703893661499,0.4101409912109375,0.2494652271270752,0.2548866271972656,0.2494652271270752,0.2548866271972656,0.32980310916900635,0.33442240953445435
256,100,0.7815184047057684,-0.80377734,0.5747426107423412,0.3483405348387165,0.20585732109511845,0.1659901738166809,0.1659901738166809,0.1659901738166809,0.1659901738166809,0.37904757261276245,0.32363665103912354,0.1659901738166809,0.1275307536125183,0.1659901738166809,0.1275307536125183,0.24481341242790222,0.205750972032547
257,100,-1.0963791928725048,-0.82419693,0.7781029977352453,0.3157467246887713,0.17208382612753548,0.5077248811721802,0.2706844210624695,0.5077248811721802,0.2706844210624695,0.6070617437362671,0.3498842418193817,0.2706844210624695,0.03766351938247681,0.2706844210624695,0.03766351938247681,0.3102843165397644,0.06481388211250305
258,100,-1.7722820636032792,-0.42807147,0.007525122343623236,0.6040338011157675,0.2549507931399692,1.0882319211959839,0.08953496813774109,1.0882319211959839,0.08953496813774109,1.5506478548049927,0.02010709047317505,0.315250426530838,0.34670785069465637,0.315250426530838,0.34670785069465637,0.3579241931438446,0.3221128284931183
259,100,-3.0645477516101343,-0.72913575,0.8847063957262282,0.023124596315253543,0.2224755587113889,1.6129355430603027,0.5284374952316284,1.6129355430603027,0.5284374952316284,2.114351987838745,0.3845679759979248,0.5284374952316284,0.22098541259765625,0.5284374952316284,0.22098541259765625,0.6059284806251526,0.16626858711242676
260,100,-2.41547249569571,-0.8669715,0.81787199198662,0.5714756468714206,0.043365098420799386,1.5759295225143433,0.3822396397590637,1.5759295225143433,0.3822396397590637,2.8077950477600098,0.8379070162773132,0.3822396397590637,0.08304429054260254,0.3822396397590637,0.08304429054260254,0.6100733280181885,0.0769582986831665
261,100,-2.688836062679803,-1.6306591,1.1234323223188674,0.616304549628619,0.2750709302838623,1.4313989877700806,0.47876477241516113,1.4313989877700806,0.47876477241516113,2.4556827545166016,1.008039116859436,0.47876477241516113,0.11307549476623535,0.47876477241516113,0.11307549476623535,0.7434019446372986,0.2527647018432617
262,100,-0.363562279177315,-1.849513,1.1626131456230107,0.7687329309272397,0.24008425713046289,0.9516913294792175,0.674222469329834,0.9516913294792175,0.674222469329834,2.2108547687530518,1.3454163074493408,0.674222469329834,0.11082673072814941,0.674222469329834,0.11082673072814941,1.0098193883895874,0.33465778827667236
263,100,-0.3604427045114811,-1.6011205,0.9650193589301042,0.6197610146964541,0.40029114367011487,0.39133262634277344,0.3044830560684204,0.39133262634277344,0.3044830560684204,0.7977888584136963,0.6846405863761902,0.3044830560684204,0.1123272180557251,0.3044830560684204,0.1123272180557251,0.4945618212223053,0.2293376922607422
264,100,-0.5937294220714004,-1.4437099,0.4439935397190329,0.8533187640760466,0.514569077992818,1.0386638641357422,0.4627366065979004,1.0386638641357422,0.4627366065979004,2.5784904956817627,0.9218456149101257,0.36258792877197266,0.06516313552856445,0.36258792877197266,0.06516313552856445,0.5650135278701782,0.16720759868621826
265,100,0.0311038709427504,-1.3287421,0.477781401569491,0.42595649052321694,0.6975301826225524,1.256880521774292,0.7951750755310059,1.256880521774292,0.7951750755310059,1.4382820129394531,0.7951750755310059,0.49279093742370605,0.09692692756652832,0.49279093742370605,0.09692692756652832,0.5627719163894653,0.14883339405059814
266,100,-0.713745048386642,-0.87664866,0.641895077226498,0.3937136764634924,0.23701512785404422,0.37598729133605957,0.2579382658004761,0.37598729133605957,0.2579382658004761,0.517802357673645,0.39016908407211304,0.2579382658004761,0.051640868186950684,0.2579382658004761,0.051640868186950684,0.32405367493629456,0.11031818389892578
267,100,-1.7319060468500629,-0.7564964,0.3219645418918009,0.5020992526227666,0.31149196194619244,0.5353282690048218,0.21487122774124146,0.5353282690048218,0.21487122774124146,0.518537163734436,0.21487122774124146,0.22994476556777954,0.1116681694984436,0.22994476556777954,0.1116681694984436,0.2224079966545105,0.10451814532279968
268,100,-1.0305358805254656,-0.92324424,0.6319821815028839,0.2954356165097136,0.3739151347594981,0.6453668475151062,0.2708761692047119,0.6453668475151062,0.2708761692047119,1.2407031059265137,0.47815561294555664,0.2708761692047119,0.011330962181091309,0.2708761692047119,0.011330962181091309,0.38350290060043335,0.08612042665481567
269,100,-1.4409571980347966,-1.324575,0.9152743783347383,0.5340556002308414,0.24068829094626243,1.4899334907531738,0.5297443866729736,1.4899334907531738,0.5297443866729736,2.371178150177002,0.8626384139060974,0.5297443866729736,0.00682675838470459,0.5297443866729736,0.00682675838470459,0.6961914300918579,0.0907558798789978
270,100,-0.3485113532476056,-0.9405087,0.49175786716012193,0.6480643603041822,0.3543798070644184,0.5530500411987305,0.5353504419326782,0.5530500411987305,0.5353504419326782,1.1214849948883057,0.5353504419326782,0.23997879028320312,0.07184112071990967,0.23997879028320312,0.07184112071990967,0.3876646161079407,0.1702626347541809
271,100,-0.0035951889008617,-1.5000263,0.7949502583004251,0.5590769722545679,0.5539964874214223,0.4700024127960205,0.30292510986328125,0.4700024127960205,0.30292510986328125,0.8121386766433716,0.6000380516052246,0.30292510986328125,0.22691011428833008,0.30292510986328125,0.22691011428833008,0.45148158073425293,0.36645957827568054
272,100,0.0952906744964745,-1.2883649,0.511382253974983,0.6619996976145766,0.38775538315170843,0.7236385345458984,0.3938785195350647,0.7236385345458984,0.3938785195350647,0.883094072341919,0.3938785195350647,0.28178369998931885,0.17172038555145264,0.28178369998931885,0.17172038555145264,0.3378311097621918,0.22186726331710815
273,100,0.1506909084350453,-0.99324524,0.3498962646881534,0.3976043197886436,0.5063040346112038,0.765343189239502,0.4170534014701843,0.765343189239502,0.4170534014701843,1.1503859758377075,0.4170534014701843,0.28082990646362305,0.0014576315879821777,0.28082990646362305,0.0014576315879821777,0.3480185866355896,0.051835060119628906
274,100,0.050228455891817,-0.62464345,0.23776650321237813,0.2955030341891899,0.38703732787794676,0.35375529527664185,0.09085869789123535,0.35375529527664185,0.09085869789123535,0.4159975051879883,0.09085869789123535,0.13837474584579468,0.045327067375183105,0.13837474584579468,0.045327067375183105,0.1392805576324463,0.04456236958503723
275,100,0.4551939486740907,-0.36224365,0.19484196348864696,0.22104834394587064,0.18761824489062295,0.017664730548858643,0.132351815700531,0.017664730548858643,0.132351815700531,0.10882318019866943,0.132351815700531,0.04184597730636597,0.0010226070880889893,0.04184597730636597,0.0010226070880889893,0.08709889650344849,0.045827463269233704
276,100,0.0144577636869364,-0.36087245,0.23151944407431535,0.19196403301817028,0.1763900059348939,0.029221773147583008,0.028939902782440186,0.029221773147583008,0.028939902782440186,0.04656440019607544,0.10338950157165527,0.028939902782440186,0.03674095869064331,0.028939902782440186,0.03674095869064331,0.06616470217704773,0.07360857725143433
277,100,-1.939638489025875,0.1968433,0.13439263766983534,0.11522717748310968,0.10049599229879808,0.2824319899082184,0.2824319899082184,0.2824319899082184,0.2824319899082184,0.11730232834815979,0.30502232909202576,0.2824319899082184,0.04746091365814209,0.2824319899082184,0.04746091365814209,0.29372715950012207,0.0585748553276062
278,100,-1.663178026868793,-0.13131812,0.26254262579316945,0.020507987358213686,0.08211729137860621,0.2815707325935364,0.009187847375869751,0.2815707325935364,0.009187847375869751,0.3633672893047333,0.19708094000816345,0.009187847375869751,0.17833557724952698,0.009187847375869751,0.17833557724952698,0.014578714966773987,0.18334022164344788
279,100,-1.976709162382175,-1.1476865,0.9125782523969913,0.22286064947132822,0.085977665459116,1.948045253753662,0.6465395092964172,1.948045253753662,0.6465395092964172,2.1632239818573,0.6404127478599548,0.6465395092964172,0.07905304431915283,0.6465395092964172,0.07905304431915283,0.643476128578186,0.08063912391662598
280,100,-3.191987001289399,-1.3970206,0.7997684226566574,0.6117513394207275,0.10070360053804306,1.2749544382095337,0.4459017515182495,1.2749544382095337,0.4459017515182495,2.827521324157715,0.9806234240531921,0.4459017515182495,0.0012208223342895508,0.4459017515182495,0.0012208223342895508,0.7132625579833984,0.16139769554138184
281,100,-2.128502214539618,-1.6499038,0.8084834477579366,0.5002286553357271,0.3439476327887414,0.5773493051528931,0.45777618885040283,0.5773493051528931,0.45777618885040283,0.9532168507575989,0.804826557636261,0.45777618885040283,0.12804293632507324,0.45777618885040283,0.12804293632507324,0.6313014030456543,0.2512928247451782
282,100,-2.3475848856268087,-1.6926354,0.8603119743904704,0.5029396684488276,0.32173441090585864,1.0988291501998901,0.40061354637145996,1.0988291501998901,0.40061354637145996,1.734246015548706,0.776236891746521,0.40061354637145996,0.09498929977416992,0.40061354637145996,0.09498929977416992,0.5884252190589905,0.19634854793548584
283,100,-3.911265787714587,-1.8324703,0.8373026006768656,0.647940831546931,0.2888921237329849,0.5151287317276001,0.4574282169342041,0.5151287317276001,0.4574282169342041,1.6033490896224976,1.0117392539978027,0.4574282169342041,0.11350071430206299,0.4574282169342041,0.11350071430206299,0.7345837354660034,0.28571176528930664
284,100,-3.6396655558561974,-1.8444638,0.7494507057262627,0.5656677406662086,0.47892651938964503,0.34342098236083984,0.2795407772064209,0.34342098236083984,0.2795407772064209,0.8244762420654297,0.7317131757736206,0.2795407772064209,0.17789840698242188,0.2795407772064209,0.17789840698242188,0.5056269764900208,0.35073328018188477
285,100,-4.013053242190528,-1.9077667,0.9378414318618397,0.5471385454893419,0.3112158584456466,1.1935813426971436,0.29932212829589844,1.1935813426971436,0.29932212829589844,1.98793625831604,0.8263366222381592,0.29932212829589844,0.10969829559326172,0.29932212829589844,0.10969829559326172,0.5628293752670288,0.20430445671081543
286,100,-5.3888044630880545,-2.2324572,1.3155059613978741,0.6693505548017535,0.278180159167531,1.6866919994354248,1.0294849872589111,1.6866919994354248,1.0294849872589111,3.1995272636413574,1.7694860696792603,1.0294849872589111,0.13292980194091797,1.0294849872589111,0.13292980194091797,1.3994855880737305,0.3319981098175049
287,100,-4.614264551751466,-2.2640116,1.0368369024413349,0.6802556200330614,0.3756242664946927,0.8403242826461792,0.6709607839584351,0.8403242826461792,0.6709607839584351,1.488149642944336,1.290457844734192,0.6709607839584351,0.2043626308441162,0.6709607839584351,0.2043626308441162,0.9807093143463135,0.4007764458656311
288,100,-5.297415764446822,-2.5259695,1.2209501821560553,0.6926393864285902,0.39500778288775695,1.519323706626892,0.8339394330978394,1.519323706626892,0.8339394330978394,2.6964824199676514,1.6932013034820557,0.8339394330978394,0.13927602767944336,0.8339394330978394,0.13927602767944336,1.2635703086853027,0.36446529626846313
289,100,-4.149334078730407,-2.6281917,1.1793136711254766,0.7889686822635205,0.4018110371101966,1.0271382331848145,0.7143884897232056,1.0271382331848145,0.7143884897232056,2.8142738342285156,1.6358976364135742,0.7143884897232056,0.19932818412780762,0.7143884897232056,0.19932818412780762,1.1751430034637451,0.4536108374595642
290,100,-4.7310069149098775,-2.6442962,1.082597795169787,0.7461370248795584,0.5163405327017574,0.8498197793960571,0.585953950881958,0.8498197793960571,0.585953950881958,1.8638875484466553,1.4999370574951172,0.585953950881958,0.22396254539489746,0.585953950881958,0.22396254539489746,1.0429455041885376,0.49331730604171753
291,100,-3.3753273311096628,-2.700934,1.0488024696682117,0.7800423776878113,0.4504538110210934,0.7195870876312256,0.7195870876312256,0.7195870876312256,0.7195870876312256,2.0147504806518555,1.5150753259658813,0.7195870876312256,0.20510482788085938,0.7195870876312256,0.20510482788085938,1.1173312664031982,0.5063906908035278
292,100,-2.701174514628292,-2.886798,1.1781718322584769,0.7309872110844728,0.46777585530941734,1.3183789253234863,1.0132662057876587,1.3183789253234863,1.0132662057876587,2.4224555492401123,2.0495569705963135,1.0132662057876587,0.32890915870666504,1.0132662057876587,0.32890915870666504,1.5314116477966309,0.6715646982192993
293,100,-2.403510509131639,-2.8260145,1.1017795190906403,0.8337117273782944,0.456670873289563,1.119763970375061,1.119763970375061,1.119763970375061,1.119763970375061,2.813782215118408,2.217968463897705,1.119763970375061,0.3443603515625,1.119763970375061,0.3443603515625,1.6688661575317383,0.8585651516914368
294,100,-2.9797598630646274,-2.5221667,0.8018264158075207,0.6627209728577288,0.5427485236392404,0.691508412361145,0.691508412361145,0.691508412361145,0.691508412361145,1.6458826065063477,1.3701854944229126,0.691508412361145,0.35277414321899414,0.691508412361145,0.35277414321899414,1.0308469533920288,0.7491398453712463
295,100,-1.8280200936015256,-2.2895286,0.9066821734366546,0.6086925856282623,0.3745336955560441,1.0762109756469727,1.0762109756469727,1.0762109756469727,1.0762109756469727,2.075998067855835,1.9514626264572144,1.0762109756469727,0.35073328018188477,1.0762109756469727,0.35073328018188477,1.5138368606567383,0.7355353236198425
296,100,-1.1954952623246085,-2.4059203,0.7878674181159009,0.5290243283067783,0.4283188699754241,0.7236666679382324,0.5243864059448242,0.7236666679382324,0.5243864059448242,1.3576087951660156,1.0701899528503418,0.5243864059448242,0.20000505447387695,0.5243864059448242,0.20000505447387695,0.797288179397583,0.44460058212280273
297,100,-1.486422795502513,-2.293859,0.5176413101480182,0.6529329343094039,0.3977587256849424,1.0299571752548218,1.34456467628479,1.0299571752548218,1.34456467628479,1.9621129035949707,1.34456467628479,0.5655025243759155,0.3580702543258667,0.5655025243759155,0.3580702543258667,0.9550336003303528,0.6865651607513428
298,100,-0.7873783690146975,-2.2606127,0.3061982802038572,0.4816632576373201,0.6603381349945193,1.3630342483520508,2.1167945861816406,1.3630342483520508,2.1167945861816406,2.973691463470459,2.1167945861816406,0.556581974029541,0.2899519205093384,0.556581974029541,0.2899519205093384,0.989788293838501,0.5094048976898193
299,100,-1.761041841731145,-1.2775141,0.34943530723913413,0.214747435806953,0.26033773303953633,0.9503843784332275,0.794296383857727,0.9503843784332275,0.794296383857727,1.52168607711792,1.7295348644256592,0.794296383857727,0.4349247217178345,0.794296383857727,0.4349247217178345,1.000593900680542,0.6824867129325867
300,100,-2.887441523346646,-1.4348332,0.20502962796753632,0.44174295124882673,0.25327525908748316,0.9577006101608276,1.0496711730957031,0.9577006101608276,1.0496711730957031,1.7328238487243652,1.6000438928604126,0.5813959836959839,0.38477623462677,0.5813959836959839,0.38477623462677,0.8396266102790833,0.5839959383010864
301,100,-2.7197480392740214,-2.1554894,0.6834425676575644,0.28976486308365734,0.3383634500589566,1.2856751680374146,0.713315486907959,1.2856751680374146,0.713315486907959,2.1048643589019775,1.5494575500488281,0.713315486907959,0.17680490016937256,0.713315486907959,0.17680490016937256,0.9223778247833252,0.364173948764801
302,100,-2.423141293370783,-2.1643405,1.1312477187704797,0.4418683533662374,0.07778887873150597,2.5334465503692627,1.3527414798736572,2.5334465503692627,1.3527414798736572,3.7039146423339844,2.188915967941284,1.3527414798736572,0.11332440376281738,1.3527414798736572,0.11332440376281738,1.7708287239074707,0.3837272524833679
303,100,-1.8089924670378223,-2.4865367,0.8097023729273338,0.7026567037034896,0.32738021622920765,1.4614315032958984,0.9215736389160156,1.4614315032958984,0.9215736389160156,3.2550573348999023,2.0866968631744385,0.9215736389160156,0.33257365226745605,0.9215736389160156,0.33257365226745605,1.504135251045227,0.8622406721115112
304,100,-1.614475292666756,-2.5539665,0.6651372671434559,0.6008728552878517,0.5170042540148361,0.5097243785858154,0.5097243785858154,0.5097243785858154,0.5097243785858154,1.221756935119629,1.0938628911972046,0.5097243785858154,0.26475000381469727,0.5097243785858154,0.26475000381469727,0.80179363489151,0.6409630179405212
305,100,-0.2546356314701243,-1.929761,0.5428559990580546,0.5414753628837083,0.38252831699768275,0.7876163721084595,0.7876163721084595,0.7876163721084595,0.7876163721084595,1.7790679931640625,1.5096335411071777,0.7876163721084595,0.3367501497268677,0.7876163721084595,0.3367501497268677,1.1486248970031738,0.7177725434303284
306,100,-1.5539103969916912,-2.2890334,0.34460487808148854,0.3860982426816656,0.41839863828469837,0.8571586608886719,2.1697866916656494,0.8571586608886719,2.1697866916656494,1.8420631885528564,2.1697866916656494,0.5545504093170166,0.49368155002593994,0.5545504093170166,0.49368155002593994,0.9587728977203369,0.8422277569770813
307,100,-0.8488842021565436,-1.7231711,0.03757435197324266,0.48817872627929515,0.4720178336685976,1.434783697128296,0.7150356769561768,1.434783697128296,0.7150356769561768,3.345327615737915,1.7172715663909912,0.5711833238601685,0.10589194297790527,0.5711833238601685,0.10589194297790527,1.053455114364624,0.3929905891418457
308,100,-0.5564382057604341,-1.6492366,0.37508452709930645,0.013085431473719877,0.3027140615040699,1.3512060642242432,0.6421627998352051,1.3512060642242432,0.6421627998352051,2.627593517303467,1.4667387008666992,0.6421627998352051,0.08756470680236816,0.6421627998352051,0.08756470680236816,0.9772564172744751,0.36333298683166504
309,100,0.8313886311474891,-1.2705272,0.06993980860318422,0.33156070465548454,0.0152818835772498,1.291591763496399,1.0211455821990967,1.291591763496399,1.0211455821990967,1.9139976501464844,1.0211455821990967,0.6303013563156128,0.08475053310394287,0.6303013563156128,0.08475053310394287,0.8257234692573547,0.2509332299232483
310,100,0.8591124738974709,-1.2521676,0.03265531531365462,0.1785874540991187,0.2812260414163269,0.6756656765937805,1.039191722869873,0.6756656765937805,1.039191722869873,1.3078765869140625,1.039191722869873,0.344154417514801,0.2554486393928528,0.344154417514801,0.2554486393928528,0.5310283899307251,0.4034537971019745
311,100,1.092254507223403,-0.7193747,0.5364927649626003,0.024553898243470484,0.1185620732659865,0.3771401047706604,0.3771401047706604,0.3771401047706604,0.3771401047706604,0.9033795595169067,0.3558446764945984,0.3771401047706604,0.2893642783164978,0.3771401047706604,0.2893642783164978,0.20774707198143005,0.5343027114868164
312,100,2.7612180198454803,0.43714064,0.7185677145943814,0.4668907771635915,0.07736619769297914,0.30554303526878357,0.30554303526878357,0.30554303526878357,0.30554303526878357,0.5309398174285889,0.5391516089439392,0.30554303526878357,0.0851486325263977,0.30554303526878357,0.0851486325263977,0.4223473072052002,0.09990952908992767
313,100,3.3009008445693486,0.72746253,0.8816146200644392,0.6648287902045291,0.4094006391018119,0.35676586627960205,0.35676586627960205,0.35676586627960205,0.35676586627960205,0.5738423466682434,0.6689993143081665,0.35676586627960205,0.1283092498779297,0.35676586627960205,0.1283092498779297,0.5128825902938843,0.2680886387825012
314,100,3.617901215964216,0.72561276,0.9984293486346902,0.44639404747903977,0.21152408436401604,0.3887896239757538,0.3887896239757538,0.3887896239757538,0.3887896239757538,0.3092148005962372,0.6076275110244751,0.3887896239757538,0.06513071060180664,0.3887896239757538,0.06513071060180664,0.49820858240127563,0.13272613286972046
315,100,2.9265991776722733,0.82936347,1.0085283158622245,0.6835051136942664,0.2870987210794005,0.20535129308700562,0.20535129308700562,0.20535129308700562,0.20535129308700562,0.5317314863204956,0.6789948344230652,0.20535129308700562,0.06491416692733765,0.20535129308700562,0.06491416692733765,0.4421730637550354,0.1562499701976776
316,100,2.842077283886371,1.5232441,1.1032080738149146,0.8669364093914884,0.5449113818429592,0.0934755802154541,0.0934755802154541,0.0934755802154541,0.0934755802154541,0.5125691890716553,0.6079086065292358,0.0934755802154541,0.18877148628234863,0.0934755802154541,0.18877148628234863,0.35069209337234497,0.37064266204833984
317,100,0.9709017658314982,1.3636484,0.9764875866907978,0.7848452784863533,0.4741268305178359,0.07767438888549805,0.21315991878509521,0.07767438888549805,0.21315991878509521,0.4931074380874634,0.6894020438194275,0.21315991878509521,0.19646668434143066,0.21315991878509521,0.19646668434143066,0.45128098130226135,0.3710939288139343
318,100,0.0877729592775761,1.3806466,1.0056958150156996,0.7744297685927334,0.5634041956635478,0.04903984069824219,0.17616653442382812,0.04903984069824219,0.17616653442382812,0.23374402523040771,0.5464435815811157,0.17616653442382812,0.1599736213684082,0.17616653442382812,0.1599736213684082,0.3613050580024719,0.2918011546134949
319,100,0.7641187976686612,0.9237078,0.6426413888015698,0.7435507191364298,0.470656006145723,0.22260451316833496,0.41764628887176514,0.22260451316833496,0.41764628887176514,0.11409759521484375,0.41764628887176514,0.23241722583770752,0.11989521980285645,0.23241722583770752,0.11989521980285645,0.32503175735473633,0.1959449052810669
320,100,-1.0808749281951262,0.43375963,0.5065522474841666,0.49628365104153904,0.4060983902957176,0.36099696159362793,0.02437692880630493,0.36099696159362793,0.02437692880630493,0.4161955714225769,0.20056310296058655,0.02437692880630493,0.21362969279289246,0.02437692880630493,0.21362969279289246,0.11247001588344574,0.3190433979034424
321,100,-0.8713765419372438,0.49520463,0.8169847368310715,0.31010393327889374,0.39332950629831587,0.2954052686691284,0.41192427277565,0.2954052686691284,0.41192427277565,0.5527452230453491,0.7036499977111816,0.41192427277565,0.03826487064361572,0.41192427277565,0.03826487064361572,0.5393577814102173,0.1668967306613922
322,100,-0.7695721631680694,-0.6318346,0.037931013989976003,0.5122431039144492,0.22981908241178062,0.28913259506225586,0.2073848843574524,0.28913259506225586,0.2073848843574524,0.13933837413787842,0.18270960450172424,0.28913259506225586,0.4987439513206482,0.28913259506225586,0.4987439513206482,0.3010197579860687,0.4877423644065857
323,100,-0.3230386772129375,-0.5957036,0.1720753467267321,0.04764183126774035,0.2324469063392618,0.09871053695678711,0.6765531301498413,0.09871053695678711,0.6765531301498413,0.8215388059616089,0.6765531301498413,0.09871053695678711,0.3970223367214203,0.09871053695678711,0.3970223367214203,0.19968998432159424,0.5681633949279785
324,100,-2.0034419487342543,-1.7439194,0.016978404142244247,0.05602523742429262,0.07506088021809794,0.49075937271118164,1.0378479957580566,0.49075937271118164,1.0378479957580566,0.8950088620185852,1.0378479957580566,0.37552642822265625,0.24503231048583984,0.37552642822265625,0.24503231048583984,0.5532861948013306,0.4149870276451111
325,100,-3.844884854977337,-1.0556197,0.21044141009987616,0.030314021964663096,0.01083807691394073,0.13353943824768066,0.13353943824768066,0.13353943824768066,0.13353943824768066,0.5942255854606628,0.4231950044631958,0.13353943824768066,0.2586885094642639,0.13353943824768066,0.2586885094642639,0.27836722135543823,0.4023588299751282
326,100,-2.3740990835483364,-1.6765492,0.26952229902993163,0.11763501640639666,0.018809464222453942,1.2792280912399292,0.6127027273178101,1.2792280912399292,0.6127027273178101,1.3886358737945557,0.7337189316749573,0.6127027273178101,0.21883273124694824,0.6127027273178101,0.21883273124694824,0.673210859298706,0.2742878198623657
327,100,-2.0844526576482023,-2.117529,0.7660453830848848,0.16305458143711904,0.08475685959419355,1.9942148923873901,1.2930948734283447,1.9942148923873901,1.2930948734283447,2.240675687789917,1.6919623613357544,1.2930948734283447,0.03897285461425781,1.2930948734283447,0.03897285461425781,1.4925286769866943,0.2641630172729492
328,100,-1.5280351533479053,-2.268662,0.32902045944814395,0.3856780755356001,0.11040565307505035,1.078041911125183,1.40828537940979,1.078041911125183,1.40828537940979,1.9747834205627441,1.40828537940979,0.5944393873214722,0.21268486976623535,0.5944393873214722,0.21268486976623535,1.0013623237609863,0.5742684602737427
329,100,0.1968143618391002,-2.4792652,0.2095813405255167,0.1965904185593233,0.2802628842390486,0.6575609445571899,1.4621446132659912,0.6575609445571899,1.4621446132659912,1.2396126985549927,1.4621446132659912,0.3537180423736572,0.24034738540649414,0.3537180423736572,0.24034738540649414,0.6067230105400085,0.4825853705406189
330,100,0.3148460952361279,-1.9367783,0.12493761142402171,0.22448329233222059,0.20362188472473292,0.7114224433898926,1.0707147121429443,0.7114224433898926,1.0707147121429443,1.414705514907837,1.6180459260940552,0.5183480978012085,0.438018798828125,0.5183480978012085,0.438018798828125,0.790772557258606,0.6986533403396606
331,100,-1.6940996066971103,-1.3109722,0.40212801770911993,0.11107692122459412,0.17402005883068145,0.07074236869812012,0.07074236869812012,0.07074236869812012,0.07074236869812012,0.8387853503227234,0.9400402903556824,0.07074236869812012,0.47780686616897583,0.07074236869812012,0.47780686616897583,0.25169676542282104,0.7422549724578857
332,100,-1.83166140282185,-0.6163156,0.5337522259538936,0.38181254759277233,0.028938879594974765,0.1122434139251709,0.1122434139251709,0.1122434139251709,0.1122434139251709,0.13767313957214355,0.1762782335281372,0.1122434139251709,0.22775989770889282,0.1122434139251709,0.22775989770889282,0.14426082372665405,0.2051941454410553
333,100,-0.8439134589555028,-1.1878158,0.2308145302421446,0.36186849292610934,0.3463118410192402,0.14823412895202637,0.5175228714942932,0.14823412895202637,0.5175228714942932,0.18298792839050293,0.41112130880355835,0.14823412895202637,0.70851069688797,0.14823412895202637,0.70851069688797,0.1911097764968872,0.6541590094566345
334,100,-1.220190539215817,-1.3715794,0.18979975020455342,0.10387108090919334,0.18255942568336597,1.2389843463897705,0.6834298372268677,1.2389843463897705,0.6834298372268677,1.2128524780273438,1.0528733730316162,0.6834298372268677,0.4513096809387207,0.6834298372268677,0.4513096809387207,0.6669796109199524,0.4328154921531677
335,100,-1.42779912440065,-1.942703,0.021714923717721546,0.20325311969748044,0.1502138442036624,0.8288859128952026,0.75153648853302,0.8288859128952026,0.75153648853302,1.5574337244033813,1.335463047027588,0.45932090282440186,0.2224903106689453,0.45932090282440186,0.2224903106689453,0.743066132068634,0.45703691244125366
336,100,-1.907217716025452,-1.1369417,0.015048486119795604,0.08386025068276526,0.09317128512611493,0.435985267162323,0.9964771270751953,0.435985267162323,0.9964771270751953,0.6802667379379272,0.9964771270751953,0.2732887268066406,0.45750880241394043,0.2732887268066406,0.45750880241394043,0.39838770031929016,0.5860518217086792
337,100,-0.2751002893432317,-1.4391351,0.10143615692034595,0.04048661744266882,0.042887902149732204,0.7105617523193359,0.4898841977119446,0.7105617523193359,0.4898841977119446,0.8861883878707886,1.0079362392425537,0.4898841977119446,0.339333176612854,0.4898841977119446,0.339333176612854,0.5805028080940247,0.42923659086227417
338,100,0.9623618068148798,-1.4329628,0.2493481306275962,0.06355244264365073,0.012346991533061347,0.9853984713554382,0.7223832607269287,0.9853984713554382,0.7223832607269287,1.3909218311309814,1.1033533811569214,0.7223832607269287,0.1466587781906128,0.7223832607269287,0.1466587781906128,0.912868320941925,0.33731573820114136
339,100,-0.9654999756778652,-0.9949701,0.28748527000885454,0.1909800238900939,0.05054394380730354,0.10925662517547607,0.10925662517547607,0.10925662517547607,0.10925662517547607,1.0262067317962646,0.6021449565887451,0.10925662517547607,0.22296011447906494,0.10925662517547607,0.22296011447906494,0.3557007908821106,0.49465274810791016
340,100,1.0422094942044435,0.039490923,0.8693328800249551,0.22036823662337157,0.03027761338400281,0.315240740776062,0.315240740776062,0.315240740776062,0.315240740776062,0.05384130775928497,0.25991204380989075,0.315240740776062,0.08334483206272125,0.315240740776062,0.08334483206272125,0.2875763773918152,0.10297015309333801
341,100,0.1638746855429782,-0.29629198,0.1106351227387532,0.48426838147476337,0.11266579292074519,0.18306288123130798,0.12465573847293854,0.18306288123130798,0.12465573847293854,0.05260869860649109,0.1454315185546875,0.18306288123130798,0.2702605724334717,0.18306288123130798,0.2702605724334717,0.16973724961280823,0.27825379371643066
342,100,2.17589337157156,0.044232216,0.7803299280581193,0.030843540398832747,0.36913937916563155,0.3813541531562805,0.3813541531562805,0.3813541531562805,0.3813541531562805,0.5739167332649231,0.30170801281929016,0.3813541531562805,0.24776163697242737,0.3813541531562805,0.24776163697242737,0.4862644076347351,0.15808212757110596
343,100,0.6564305591952853,-0.20949444,0.4156305695215041,0.5192272710482688,0.03336766778245015,0.22651025652885437,0.27687767148017883,0.22651025652885437,0.27687767148017883,0.03158262372016907,0.27687767148017883,0.22651025652885437,0.09538290649652481,0.22651025652885437,0.09538290649652481,0.2516939640045166,0.07661350071430206
344,100,1.7158019732813938,0.061566457,0.7657914300836441,0.27188622706995424,0.34054764926023917,0.3148269057273865,0.3148269057273865,0.3148269057273865,0.3148269057273865,0.3047178089618683,0.5229093432426453,0.3148269057273865,0.015239417552947998,0.3148269057273865,0.015239417552947998,0.39670515060424805,0.05535011738538742
345,100,1.0061150392006295,0.34396324,0.5716953491119996,0.530760477191394,0.11649810591923826,0.09232354164123535,0.11933141946792603,0.09232354164123535,0.11933141946792603,0.04588353633880615,0.3417271077632904,0.11933141946792603,0.005285918712615967,0.11933141946792603,0.005285918712615967,0.23052926361560822,0.09789028763771057
346,100,0.7735048541188073,0.60425234,0.7792931481414949,0.40387734299032774,0.45859032230534913,0.18094000220298767,0.2849024832248688,0.18094000220298767,0.2849024832248688,0.4049493074417114,0.717781126499176,0.2849024832248688,0.0729476809501648,0.2849024832248688,0.0729476809501648,0.41211777925491333,0.1672133058309555
347,100,1.6067476503635447,0.44857985,0.6909999551565171,0.5013257114031062,0.1726667132753481,0.039410531520843506,0.17504698038101196,0.039410531520843506,0.17504698038101196,0.2092624455690384,0.3944680094718933,0.17504698038101196,0.023767828941345215,0.17504698038101196,0.023767828941345215,0.28475749492645264,0.1043013334274292
348,100,0.7242127355554814,0.94324464,0.6753972918819315,0.5423463833649542,0.4161373636720518,0.024328112602233887,0.1501905918121338,0.024328112602233887,0.1501905918121338,0.019043922424316406,0.35635751485824585,0.1501905918121338,0.1812286376953125,0.1501905918121338,0.1812286376953125,0.2532740533351898,0.28382638096809387
349,100,0.9909066674776263,1.110469,0.9779623770683081,0.574669856846947,0.35891527928335165,0.2988377809524536,0.2988377809524536,0.2988377809524536,0.2988377809524536,0.28607428073883057,0.4987034797668457,0.2988377809524536,0.08739101886749268,0.2988377809524536,0.08739101886749268,0.39877063035964966,0.16061162948608398
350,100,1.22258981998641,0.5901839,0.6232049467739781,0.5330306772283468,0.23064797278173588,0.021283447742462158,0.13614386320114136,0.021283447742462158,0.13614386320114136,0.1318160891532898,0.33145296573638916,0.13614386320114136,0.049168169498443604,0.13614386320114136,0.049168169498443604,0.23379841446876526,0.1355193555355072
351,100,2.308748115077731,0.9443267,0.7483383570045643,0.5821430930528546,0.7121481053479963,0.08630639314651489,0.2849636673927307,0.08630639314651489,0.2849636673927307,0.4355926513671875,1.048866629600525,0.2849636673927307,0.1580224633216858,0.2849636673927307,0.1580224633216858,0.4926435649394989,0.36738094687461853
352,100,3.466665455232428,0.79895794,0.6983061904196475,0.6089869301471718,0.43481161988170713,0.17400187253952026,0.17400187253952026,0.17400187253952026,0.17400187253952026,0.3172045350074768,0.3778735101222992,0.17400187253952026,0.055503904819488525,0.17400187253952026,0.055503904819488525,0.27593767642974854,0.13994455337524414
353,100,5.034326673683376,1.4058756,1.00034867801233,0.6544327134285699,0.4488740644043254,0.3057824373245239,0.3057824373245239,0.3057824373245239,0.3057824373245239,0.3362950086593628,0.6477904915809631,0.3057824373245239,0.12144148349761963,0.3057824373245239,0.12144148349761963,0.47678646445274353,0.22964239120483398
354,100,4.892518307260406,1.0512719,0.8759261221717725,0.6702036743797999,0.3671126251086543,0.1134459376335144,0.1134459376335144,0.1134459376335144,0.1134459376335144,0.2307262420654297,0.4395500421524048,0.1134459376335144,0.03504323959350586,0.1134459376335144,0.03504323959350586,0.2764979898929596,0.10178521275520325
355,100,4.89699807859087,1.6779501,0.9884788051657251,0.8104235358485037,0.44368787715371516,0.16694152355194092,0.16694152355194092,0.16694152355194092,0.16694152355194092,0.42299437522888184,0.7966205477714539,0.16694152355194092,0.16015076637268066,0.16694152355194092,0.16015076637268066,0.4817810356616974,0.3235679864883423
356,100,3.937972849494765,1.3763484,0.848781519207809,0.7262691325760888,0.46302890932488316,0.05161261558532715,0.030622482299804688,0.05161261558532715,0.030622482299804688,0.26115190982818604,0.2926325798034668,0.030622482299804688,0.0905081033706665,0.030622482299804688,0.0905081033706665,0.16162753105163574,0.17401492595672607
357,100,2.8751889089926093,2.6819432,1.188162584830703,1.1160386441038646,0.8033052450269973,0.15232133865356445,0.1753861904144287,0.15232133865356445,0.1753861904144287,0.805595874786377,0.8914120197296143,0.1753861904144287,0.2610592842102051,0.1753861904144287,0.2610592842102051,0.5333991050720215,0.580258309841156
358,100,1.3548497881932733,2.8747292,1.4292083292226616,1.173167597489668,0.7680599812635851,0.1872882843017578,0.46276426315307617,0.1872882843017578,0.46276426315307617,0.9052915573120117,1.3385097980499268,0.46276426315307617,0.3032951354980469,0.46276426315307617,0.3032951354980469,0.9006370306015015,0.6679842472076416
359,100,1.061212946879417,2.32784,0.8170844468342533,1.0220762854121959,0.9151417032409059,0.2017838954925537,0.45362985134124756,0.2017838954925537,0.45362985134124756,0.4714716672897339,1.468501091003418,0.29717445373535156,0.04659271240234375,0.29717445373535156,0.04659271240234375,0.4890100359916687,0.22102892398834229
360,100,1.153794430807666,1.6585624,0.6122938350124665,0.8103742644165186,0.7495346231149232,0.09279477596282959,0.3762129545211792,0.09279477596282959,0.3762129545211792,0.41205501556396484,1.093855619430542,0.189095139503479,0.1044623851776123,0.189095139503479,0.1044623851776123,0.4188140034675598,0.26277220249176025
361,100,1.0827926592031427,1.9828779,0.675650552427236,0.7716434158359199,0.9349989214867249,0.3155198097229004,1.1628432273864746,0.3155198097229004,1.1628432273864746,0.28427302837371826,1.1628432273864746,0.3155198097229004,0.12579011917114258,0.3155198097229004,0.12579011917114258,0.528118371963501,0.23454821109771729
362,100,1.5699855890589882,1.6362135,0.7262463679223532,0.6726513053082519,0.5834086876605797,0.1633133888244629,0.20964586734771729,0.1633133888244629,0.20964586734771729,0.3293120861053467,0.47345197200775146,0.20964586734771729,0.15975284576416016,0.20964586734771729,0.15975284576416016,0.3415489196777344,0.2987913489341736
363,100,0.0791569382923773,1.9296539,0.7812427855208772,0.8101145017802509,0.6594072452704727,0.3063476085662842,0.6894869804382324,0.3063476085662842,0.6894869804382324,0.6569905281066895,0.6894869804382324,0.3063476085662842,0.24606752395629883,0.3063476085662842,0.24606752395629883,0.4979172945022583,0.424729585647583
364,100,1.8303731631260247,1.9586258,0.9762262500361681,0.6775242269576829,0.47872764217792074,0.36162352561950684,0.36162352561950684,0.36162352561950684,0.36162352561950684,0.5440391302108765,0.7328213453292847,0.36162352561950684,0.21575844287872314,0.36162352561950684,0.21575844287872314,0.5472224354743958,0.36952704191207886
365,100,1.970936405639179,1.8974272,0.4155205355067433,1.0600243143711712,0.7861859067711227,0.6460120677947998,0.6836793422698975,0.6460120677947998,0.6836793422698975,1.0433162450790405,1.4820679426193237,0.6460120677947998,0.021580934524536133,0.6460120677947998,0.021580934524536133,1.0391974449157715,0.2578701972961426
366,100,2.8861417437603625,1.9034026,0.8054068081394556,0.35947718416241425,1.0011725164533838,0.19966936111450195,0.9152987599372864,0.19966936111450195,0.9152987599372864,0.7070167064666748,0.9152987599372864,0.27932143211364746,0.012148857116699219,0.27932143211364746,0.012148857116699219,0.5727570056915283,0.14490199089050293
367,100,2.9807881934318203,1.9621313,0.8660894571403457,0.9929673423369725,0.3672255460953797,0.39017200469970703,1.146388292312622,0.39017200469970703,1.146388292312622,1.05640709400177,1.146388292312622,0.44452452659606934,0.01575922966003418,0.44452452659606934,0.01575922966003418,0.7954564094543457,0.20316851139068604
368,100,1.8547653251722465,2.4430516,1.1388178131706321,0.8792258222616205,0.6741183484645239,0.38687777519226074,0.38687777519226074,0.38687777519226074,0.38687777519226074,0.6634385585784912,1.0775558948516846,0.38687777519226074,0.2642781734466553,0.38687777519226074,0.2642781734466553,0.7322168350219727,0.5334856510162354
369,100,1.4020928059712507,2.493286,0.9068502744090108,0.9909941841595362,0.7923114016600896,0.35892748832702637,0.7963818311691284,0.35892748832702637,0.7963818311691284,0.7609546184539795,0.7963818311691284,0.3752932548522949,0.2452249526977539,0.3752932548522949,0.2452249526977539,0.5858375430107117,0.4367941617965698
370,100,-1.988042304939625,2.4620318,0.8211490100672105,1.0474932549098865,0.7762812303628817,0.34781360626220703,0.7080519199371338,0.34781360626220703,0.7080519199371338,0.4161679744720459,0.7080519199371338,0.34781360626220703,0.3110795021057129,0.34781360626220703,0.3110795021057129,0.5279327630996704,0.4733337163925171
371,100,-1.5428177940973768,1.147465,0.5080228743505026,0.5763406779527458,0.6360538691999169,0.1064000129699707,0.7079004049301147,0.1064000129699707,0.7079004049301147,0.15755224227905273,0.7079004049301147,0.1064000129699707,0.046711087226867676,0.1064000129699707,0.046711087226867676,0.21749639511108398,0.130777508020401
372,100,-1.4637015695665845,0.74159986,0.549051798931307,0.7238267439952012,0.6374544673615303,0.30014482140541077,0.4674648642539978,0.30014482140541077,0.4674648642539978,0.9170324206352234,0.06548464298248291,0.4947604537010193,0.8216543793678284,0.4947604537010193,0.8216543793678284,0.8263605833053589,0.642329752445221
373,100,-0.1396255017941836,-1.4141806,0.643373281621339,0.8935379827542298,0.5117789755072892,2.541375160217285,2.158952236175537,2.541375160217285,2.158952236175537,3.737232208251953,2.158952236175537,1.217207908630371,0.5754814147949219,1.217207908630371,0.5754814147949219,1.688080072402954,0.37308400869369507
374,100,-1.91168839253455,-2.2658222,0.5391429142732034,0.6553662962110594,0.783572313734218,1.1210861206054688,2.7019662857055664,1.1210861206054688,2.7019662857055664,2.252624034881592,2.7019662857055664,0.8007006645202637,0.4298570156097412,0.8007006645202637,0.4298570156097412,1.29744553565979,0.8269834518432617
375,100,-1.8151380770768877,-1.6319008,0.04807468859600461,0.659748300013878,0.6633006920237927,1.927956461906433,2.2517035007476807,1.927956461906433,2.2517035007476807,3.30234432220459,2.2517035007476807,0.9924960732460022,0.06368815898895264,0.9924960732460022,0.06368815898895264,1.5778567790985107,0.5151335000991821
376,100,-1.959544963818482,-1.8938943,0.7365348142959,0.10547888910084247,0.6620145127612495,2.000450611114502,0.9256868958473206,2.000450611114502,0.9256868958473206,3.5730345249176025,2.3191328048706055,0.9256868958473206,0.06612861156463623,0.9256868958473206,0.06612861156463623,1.5593141317367554,0.5644937753677368
377,100,-3.064046158105856,-1.6601574,0.7293847350858127,0.7700515705452036,0.027517693373294794,2.030033588409424,2.2047061920166016,2.030033588409424,2.2047061920166016,3.539341449737549,2.2047061920166016,1.061316728591919,0.059380531311035156,1.061316728591919,0.059380531311035156,1.6330114603042603,0.4892064929008484
378,100,-4.263547961876179,-2.398402,0.6666020977077203,0.7063698449725753,0.7517140155011645,0.7095186710357666,3.0798587799072266,0.7095186710357666,3.0798587799072266,1.8941303491592407,3.0798587799072266,0.657081127166748,0.477902889251709,0.657081127166748,0.477902889251709,1.2318471670150757,0.9186080694198608
379,100,-5.062935300222907,-2.480865,1.0073284115194254,0.6804471407021647,0.5710665839516214,1.6320781707763672,0.9279409646987915,1.6320781707763672,0.9279409646987915,3.064453125,2.199387788772583,0.9279409646987915,0.5997538566589355,0.9279409646987915,0.5997538566589355,1.563664436340332,1.167230486869812
380,100,-3.6460300010570768,-2.7316582,0.9979780291773611,0.8233569858922172,0.5860494453575189,1.401689052581787,0.5393903255462646,1.401689052581787,0.5393903255462646,3.576695203781128,1.5777318477630615,0.5393903255462646,0.26032280921936035,0.5393903255462646,0.26032280921936035,1.058561086654663,0.7640210390090942
381,100,-2.3893967869505843,-3.0898633,1.2293802279070067,0.9850564338394867,0.6537840640319588,1.7225511074066162,0.7665958404541016,1.7225511074066162,0.7665958404541016,4.00609016418457,2.2130327224731445,0.7665958404541016,0.42229747772216797,0.7665958404541016,0.42229747772216797,1.489814281463623,0.9630899429321289
382,100,-3.677492772276003,-2.9631083,0.8000268565676464,0.982883073594357,0.797131147478864,0.6060049533843994,0.9938491582870483,0.6060049533843994,0.9938491582870483,1.7751857042312622,0.9938491582870483,0.3093297481536865,0.2705674171447754,0.3093297481536865,0.2705674171447754,0.6515894532203674,0.5708175897598267
383,100,-3.536829469698062,-2.8857484,0.6602607797255224,0.9620876144809822,0.9640830832811973,1.3194621801376343,3.7802789211273193,1.3194621801376343,3.7802789211273193,3.921736240386963,3.7802789211273193,0.5779526233673096,0.22956633567810059,0.5779526233673096,0.22956633567810059,1.4730335474014282,0.6849169731140137
384,100,-2.770427296553781,-2.5418375,1.173861299119762,0.6554272893457784,0.6774547830211235,1.808524250984192,1.1663546562194824,1.808524250984192,1.1663546562194824,3.3326315879821777,3.463752269744873,1.1663546562194824,0.5698665380477905,1.1663546562194824,0.5698665380477905,1.6712578535079956,1.0895287990570068
385,100,-2.2398678942933117,-2.6578448,0.8080305367823416,0.8918446184030363,0.6648472452574632,0.8275628089904785,1.3218156099319458,0.8275628089904785,1.3218156099319458,2.894641637802124,1.3218156099319458,0.41665053367614746,0.3246622085571289,0.41665053367614746,0.3246622085571289,0.8692330718040466,0.6726547479629517
386,100,-3.597430996425002,-2.6092725,0.9093904415228726,0.8661944006931337,0.6899924874945806,0.6693183183670044,0.6693183183670044,0.6693183183670044,0.6693183183670044,2.1601061820983887,1.6886136531829834,0.6693183183670044,0.5162203311920166,0.6693183183670044,0.5162203311920166,1.1789660453796387,1.1002297401428223
387,100,-3.8894652190638705,-2.628143,0.7291549033264526,0.852711059882776,0.850045657764698,0.6523555517196655,1.2348716259002686,0.6523555517196655,1.2348716259002686,2.991072654724121,3.243342876434326,0.46654677391052246,0.3596310615539551,0.46654677391052246,0.3596310615539551,1.1595698595046997,0.8652362823486328
388,100,-4.994627283191967,-2.4338386,1.0965326837043172,0.6481352615141379,0.6344061017650917,1.4840710163116455,0.817819356918335,1.4840710163116455,0.817819356918335,2.594092607498169,1.7642470598220825,0.817819356918335,0.49151647090911865,0.817819356918335,0.49151647090911865,1.2910332679748535,0.9158586859703064
389,100,-3.55362243780661,-2.6763904,0.9965598147708117,0.8918491276653157,0.5607106323478761,1.6336108446121216,0.899044394493103,1.6336108446121216,0.899044394493103,3.7684006690979004,2.4373209476470947,0.899044394493103,0.5573916435241699,0.899044394493103,0.5573916435241699,1.668182611465454,1.2862282991409302
390,100,-0.6917953297775421,-2.9480312,1.199414819786229,0.8557493518077832,0.6717318040270785,1.2252181768417358,0.7235262393951416,1.2252181768417358,0.7235262393951416,2.7495334148406982,1.7988754510879517,0.7235262393951416,0.41332197189331055,0.7235262393951416,0.41332197189331055,1.2612009048461914,0.8764616847038269
391,100,-0.7579692826676407,-2.806951,0.9013553056161836,0.9860761939736784,0.7311049573686728,0.9738156795501709,1.4672961235046387,0.9738156795501709,1.4672961235046387,2.502018690109253,1.4672961235046387,0.5140721797943115,0.4155867099761963,0.5140721797943115,0.4155867099761963,0.9906841516494751,0.841090202331543
392,100,-2.8703089715485266,-2.5184243,0.2735303770430719,0.9647924201338973,0.9904671009002681,2.1541757583618164,3.0405995845794678,2.1541757583618164,3.0405995845794678,4.5506086349487305,3.0405995845794678,0.6260952949523926,0.08053469657897949,0.6260952949523926,0.08053469657897949,1.620133638381958,0.34551870822906494
393,100,-1.7792127993394176,-1.3062845,0.3073737328404824,0.2603180980073012,0.6766461171721878,1.7096526622772217,1.9154417514801025,1.7096526622772217,1.9154417514801025,2.235377311706543,1.9154417514801025,0.924960196018219,0.33021605014801025,0.924960196018219,0.33021605014801025,1.188570261001587,0.5699852705001831
394,100,-0.0807382681334083,-1.6260986,1.092956726903358,0.227717229744413,0.1779611019411247,2.5150437355041504,1.4530984163284302,2.5150437355041504,1.4530984163284302,2.934415817260742,1.997485876083374,1.4530984163284302,0.36013174057006836,1.4530984163284302,0.36013174057006836,1.7252922058105469,0.5706303119659424
395,100,1.3595125835350297,-2.140144,0.6726344721295785,1.0793271389665062,0.19798891618847847,2.5817971229553223,2.391672372817993,2.5817971229553223,2.391672372817993,3.8381433486938477,2.391672372817993,1.259629249572754,0.22828757762908936,1.259629249572754,0.22828757762908936,1.8256508111953735,0.6125353574752808
396,100,1.3696021500405755,-2.0161474,0.1454057996625342,0.6608012485033048,0.936281887270331,2.62070631980896,1.9713380336761475,2.62070631980896,1.9713380336761475,3.9997148513793945,1.9713380336761475,0.7093826532363892,0.013710260391235352,0.7093826532363892,0.013710260391235352,1.3139138221740723,0.19110935926437378
397,100,1.7752448498416142,0.40000105,0.7942008605015645,0.1641430565607302,0.45221271892030196,0.8021576404571533,0.8021576404571533,0.8021576404571533,0.8021576404571533,1.1981109380722046,0.382124125957489,0.8021576404571533,0.05082821846008301,0.8021576404571533,0.05082821846008301,0.5679162740707397,0.4734063148498535
398,100,1.7198649382767452,1.669902,0.8267461005790333,0.702650704488312,0.17617494194317063,0.3533056974411011,0.3533056974411011,0.3533056974411011,0.3533056974411011,0.9398592710494995,0.945814847946167,0.3533056974411011,0.01342475414276123,0.3533056974411011,0.01342475414276123,0.649560272693634,0.1716136336326599
399,100,2.299882752658365,1.9986773,0.8823127980852866,0.6546165871904372,0.4824594883536246,0.5581766366958618,0.5581766366958618,0.5581766366958618,0.5581766366958618,0.9012938737869263,1.094991683959961,0.5581766366958618,0.28466272354125977,0.5581766366958618,0.28466272354125977,0.8265841603279114,0.5398855209350586
400,100,3.0462598718404026,2.0452886,0.7016636586373615,0.7721271726888479,0.6515031123591455,0.24875247478485107,0.7231546640396118,0.24875247478485107,0.7231546640396118,0.7022478580474854,0.7231546640396118,0.24875247478485107,0.2025376558303833,0.24875247478485107,0.2025376558303833,0.48595356941223145,0.41491830348968506
401,100,2.0282537975875163,2.2754285,0.9457115730417963,0.7283400776588016,0.6714137660601911,0.5238072872161865,0.5238072872161865,0.5238072872161865,0.5238072872161865,0.8726892471313477,1.164170503616333,0.5238072872161865,0.33562254905700684,0.5238072872161865,0.33562254905700684,0.8439888954162598,0.6682496070861816
402,100,1.2923819500708138,2.3842778,0.8658664801071598,0.7460345747237351,0.6009299867239197,0.31068897247314453,0.31068897247314453,0.31068897247314453,0.31068897247314453,0.5899659395217896,0.8382383584976196,0.31068897247314453,0.20062971115112305,0.31068897247314453,0.20062971115112305,0.5744636654853821,0.41399747133255005
403,100,0.8722194183535347,2.2836027,0.6784108525903773,0.8970387210986253,0.6456420759692842,0.30044031143188477,0.7082631587982178,0.30044031143188477,0.7082631587982178,0.4349393844604492,0.7082631587982178,0.30044031143188477,0.19135761260986328,0.30044031143188477,0.19135761260986328,0.5043517351150513,0.35413992404937744
404,100,0.5879042878397235,2.0985675,0.7039244483861931,0.6391083508781144,0.5108578993308379,0.06596016883850098,0.31581592559814453,0.06596016883850098,0.31581592559814453,0.03414654731750488,0.7550400495529175,0.31581592559814453,0.274833083152771,0.31581592559814453,0.274833083152771,0.535427987575531,0.5224637985229492
405,100,0.742490505313296,1.7925297,0.50393825827032,0.5951639848770863,0.6247114310828373,0.4678102731704712,1.6642252206802368,0.4678102731704712,1.6642252206802368,0.7069140672683716,1.6642252206802368,0.4678102731704712,0.31160151958465576,0.4678102731704712,0.31160151958465576,0.7942944765090942,0.5626559853553772
406,100,1.8015018063155224,1.5257044,0.42727627987970185,0.451959129064456,0.43221600440769253,0.139215350151062,0.6296652555465698,0.139215350151062,0.6296652555465698,0.5147254467010498,1.1135997772216797,0.2987656593322754,0.28037965297698975,0.2987656593322754,0.28037965297698975,0.5150918364524841,0.4665451645851135
407,100,0.3280855241340477,1.0845854,0.31699477143816135,0.3560987935238277,0.4656523130450051,0.4907904863357544,1.409757137298584,0.4907904863357544,1.409757137298584,0.7072634696960449,1.409757137298584,0.4907904863357544,0.4098951816558838,0.4907904863357544,0.4098951816558838,0.7068907022476196,0.6020478010177612
408,100,1.239222932553413,1.4191432,0.6355304390038411,0.3163724010906269,0.3047265676186257,0.8245919942855835,0.8245919942855835,0.8245919942855835,0.8245919942855835,0.6046231985092163,1.4241496324539185,0.8245919942855835,0.3988140821456909,0.8245919942855835,0.3988140821456909,1.124370813369751,0.6634824275970459
409,100,0.9395853866262474,1.3416632,0.2920727204416218,0.6683094143560253,0.4185141457110333,0.39909976720809937,0.5167016983032227,0.39909976720809937,0.5167016983032227,0.29870593547821045,0.9229719042778015,0.39909976720809937,0.06092679500579834,0.39909976720809937,0.06092679500579834,0.5833232998847961,0.14555281400680542
410,100,-2.004820489493882,1.1682208,0.600090775498,0.12060805123388962,0.46910742898167623,0.3978782892227173,0.7589408159255981,0.3978782892227173,0.7589408159255981,1.0062817335128784,1.5520861148834229,0.7589408159255981,0.1604158878326416,0.7589408159255981,0.1604158878326416,1.0666003227233887,0.4591585397720337
411,100,-2.1812598108040593,0.9129365,0.3910408920490045,0.5306449247031275,0.09541999950646551,0.8134019374847412,1.3978391885757446,0.8134019374847412,1.3978391885757446,1.215192198753357,1.3978391885757446,0.8134019374847412,0.17282730340957642,0.8134019374847412,0.17282730340957642,1.1056206226348877,0.45609045028686523
412,100,-2.2466726052300814,-0.6814802,1.1186543592344647,0.29150379123966297,0.34976636604293915,2.556772232055664,1.3130775690078735,2.556772232055664,1.3130775690078735,2.154139757156372,0.1414157748222351,1.3130775690078735,0.5498588681221008,1.3130775690078735,0.5498588681221008,0.9422619342803955,0.8025535345077515
413,100,-1.5156560243375583,-1.8811442,0.8864688773917934,0.9714472483766757,0.16546320088553368,2.1802947521209717,2.041114091873169,2.1802947521209717,2.041114091873169,3.8946118354797363,2.041114091873169,0.8893574476242065,0.24325668811798096,0.8893574476242065,0.24325668811798096,1.465235710144043,0.22758907079696655
414,100,-0.8188103359772856,-2.3056815,0.9519610702095369,0.7934433495517039,0.538125676579799,0.8123977184295654,0.6917425394058228,0.8123977184295654,0.6917425394058228,1.9016515016555786,1.6432266235351562,0.6917425394058228,0.40476298332214355,0.6917425394058228,0.40476298332214355,1.1674845218658447,0.8416407108306885
415,100,-0.7809181542853021,-2.0562599,0.7238883197794048,0.7670968148690934,0.5255428807893159,0.797866940498352,1.2570760250091553,0.797866940498352,1.2570760250091553,1.643022060394287,1.2570760250091553,0.5102578401565552,0.3532754182815552,0.5102578401565552,0.3532754182815552,0.8836669325828552,0.684821605682373
416,100,-1.5406151008999869,-2.0546322,0.3549603640111454,0.6336674843098697,0.8033995430954952,1.1507511138916016,1.6039493083953857,1.1507511138916016,1.6039493083953857,2.6691155433654785,1.6039493083953857,0.47206199169158936,0.14285624027252197,0.47206199169158936,0.14285624027252197,0.8269506096839905,0.3235667943954468
417,100,-0.4497837240520569,-1.8579035,0.4114548135868874,0.5019932958934317,0.7190029980339541,1.2185018062591553,1.8249449729919434,1.2185018062591553,1.8249449729919434,1.9165898561477661,1.8249449729919434,0.7004647254943848,0.3467998504638672,0.7004647254943848,0.3467998504638672,1.0038081407546997,0.575555682182312
418,100,-1.1051510443792645,-1.4902515,0.612047095504618,0.40783978779752217,0.41396927891164725,1.1066179275512695,0.6705374121665955,1.1066179275512695,0.6705374121665955,1.8085136413574219,1.9239717721939087,0.6705374121665955,0.395521879196167,0.6705374121665955,0.395521879196167,0.9929124116897583,0.6990140676498413
419,100,-2.2029872863971036,-1.294883,0.20592061638883297,0.6644371587181419,0.3012250310187692,1.2749731540679932,0.9272413849830627,1.2749731540679932,0.9272413849830627,1.856153130531311,1.3149440288543701,0.6552854776382446,0.21652519702911377,0.6552854776382446,0.21652519702911377,0.8419952988624573,0.3380913734436035
420,100,-2.639730398956549,-1.7659208,0.4899621802250954,0.34178096552689863,0.7652542643069812,1.5263525247573853,1.7181190252304077,1.5263525247573853,1.7181190252304077,2.631063461303711,1.7181190252304077,0.7171459197998047,0.16180479526519775,0.7171459197998047,0.16180479526519775,1.0273264646530151,0.37229275703430176
421,100,-2.9474430880885083,-1.6000638,0.8380736986437611,0.4817362477093987,0.2138666248691503,1.81093168258667,0.8749499320983887,1.81093168258667,0.8749499320983887,2.7702832221984863,1.56348717212677,0.8749499320983887,0.17116665840148926,0.8749499320983887,0.17116665840148926,1.2192184925079346,0.4371063709259033
422,100,-2.815238502525282,-2.1312144,0.7700150673024841,0.7040652038459106,0.37669971111611433,0.8456704616546631,0.29416167736053467,0.8456704616546631,0.29416167736053467,2.4990224838256836,0.9401664733886719,0.29416167736053467,0.10269045829772949,0.29416167736053467,0.10269045829772949,0.6171640753746033,0.3214693069458008
423,100,-3.0375398153615634,-2.4642603,0.9742114459167641,0.7817901842155304,0.5720805388609673,0.9798523187637329,0.6391876935958862,0.9798523187637329,0.6391876935958862,2.3894433975219727,1.647991418838501,0.6391876935958862,0.33234429359436035,0.6391876935958862,0.33234429359436035,1.1435894966125488,0.8099308609962463
424,100,-3.155783681307417,-2.5159442,0.8162003372543049,0.800171198521795,0.5901307632500155,0.37208127975463867,0.3283247947692871,0.37208127975463867,0.3283247947692871,1.2279725074768066,0.9956941604614258,0.3283247947692871,0.27252817153930664,0.3283247947692871,0.27252817153930664,0.6620094776153564,0.6235169172286987
425,100,-2.15710922906877,-2.5334744,0.8373704881397721,0.7914233364779308,0.7564205035336853,0.6118426322937012,0.5453672409057617,0.6118426322937012,0.5453672409057617,1.6109819412231445,1.495513677597046,0.5453672409057617,0.555964469909668,0.5453672409057617,0.555964469909668,1.0204404592514038,1.1654322147369385
426,100,-1.206830791220765,-2.5660124,0.7988550390574529,0.8125375329782458,0.6974690489189328,0.3443176746368408,0.9343858957290649,0.3443176746368408,0.9343858957290649,1.2028074264526367,0.9343858957290649,0.29880857467651367,0.3063981533050537,0.29880857467651367,0.3063981533050537,0.6165972352027893,0.6196922659873962
427,100,-0.6064241278576311,-2.657884,0.8150611582797829,0.847828926729787,0.6031961517082047,0.6986846923828125,1.1049959659576416,0.6986846923828125,1.1049959659576416,1.7203388214111328,1.1049959659576416,0.37668418884277344,0.2814028263092041,0.37668418884277344,0.2814028263092041,0.7408400774002075,0.5924451947212219
428,100,-0.888865702686741,-2.3282015,0.4652942750039688,0.7739046406244086,0.7815240017775305,1.8067874908447266,2.9660820960998535,1.8067874908447266,2.9660820960998535,3.2776565551757812,2.9660820960998535,0.9494889974594116,0.4864232540130615,0.9494889974594116,0.4864232540130615,1.6239333152770996,1.0063719749450684
429,100,-1.4853690923686622,-1.617048,0.23863151723269316,0.5107046746332007,0.7033433353086724,1.619458794593811,2.0135176181793213,1.619458794593811,2.0135176181793213,2.5538320541381836,2.0135176181793213,0.8825581073760986,0.27295029163360596,0.8825581073760986,0.27295029163360596,1.268267273902893,0.576805830001831
430,100,-1.5835590311701488,-1.6681057,0.4251681248244551,0.34016531367891845,0.48677620552864276,0.9077286720275879,1.555290699005127,0.9077286720275879,1.555290699005127,1.6569534540176392,1.555290699005127,0.5618952512741089,0.29807960987091064,0.5618952512741089,0.29807960987091064,0.8320949673652649,0.5542083382606506
431,100,-1.595640337638402,-1.1302018,0.49421975865345646,0.28608564448725315,0.1171423783237786,1.4305874109268188,0.9037879705429077,1.4305874109268188,0.9037879705429077,2.1400108337402344,1.5928006172180176,0.9037879705429077,0.4629670977592468,0.9037879705429077,0.4629670977592468,1.2482943534851074,0.7984879016876221
432,100,-0.6253185036202796,-1.7948276,0.6206611929864612,0.6513919648282308,0.3216715424715242,1.375062108039856,1.8730734586715698,1.375062108039856,1.8730734586715698,2.720400333404541,1.8730734586715698,0.8894650936126709,0.5080695152282715,0.8894650936126709,0.5080695152282715,1.3812692165374756,0.9433422684669495
433,100,-0.8747964576748801,-2.247263,0.6358366633198926,0.6887215988076837,0.6371378744232287,0.47756850719451904,1.1413520574569702,0.47756850719451904,1.1413520574569702,1.4062550067901611,2.316016435623169,0.43239104747772217,0.4109508991241455,0.43239104747772217,0.4109508991241455,0.8825305104255676,0.7672572731971741
434,100,-2.014249561686067,-1.4339559,0.21330659839051025,0.6476692270701175,0.47464674710027266,1.7169439792633057,1.4219810962677002,1.7169439792633057,1.4219810962677002,2.6467971801757812,2.3144922256469727,1.0086979866027832,0.34370172023773193,1.0086979866027832,0.34370172023773193,1.4812556505203247,0.7846676707267761
435,100,-2.665100353771072,-1.8207399,0.42696533764350875,0.3834235639314574,0.6832454295899348,1.4823546409606934,1.8051931858062744,1.4823546409606934,1.8051931858062744,2.1632308959960938,1.8051931858062744,0.8364083170890808,0.2961134910583496,0.8364083170890808,0.2961134910583496,1.0826263427734375,0.5112264156341553
436,100,-0.6632953471709826,-1.7310429,0.8170841210921813,0.390773307327245,0.23154360073845792,2.008270740509033,1.1038460731506348,2.008270740509033,1.1038460731506348,2.7406420707702637,1.8513633012771606,1.1038460731506348,0.40791308879852295,1.1038460731506348,0.40791308879852295,1.477604627609253,0.7301014065742493
437,100,-1.5764201023826576,-2.3845534,0.9414090136789368,0.6962967422563597,0.3289003812826381,1.607359528541565,0.6516777276992798,1.607359528541565,0.6516777276992798,3.3155128955841064,1.5549418926239014,0.6516777276992798,0.15752196311950684,0.6516777276992798,0.15752196311950684,1.1033098697662354,0.4683675765991211
438,100,-2.715858858724203,-2.4561195,0.29966830485260365,0.9057250477412004,0.7649509675762396,1.8492408990859985,0.714465856552124,1.8492408990859985,0.714465856552124,3.8702282905578613,2.4030909538269043,0.4720536470413208,0.10968852043151855,0.4720536470413208,0.10968852043151855,1.2185189723968506,0.40199846029281616
439,100,-2.758339630894147,-2.4739757,0.5857923339373875,0.3668860143812256,0.9498980822380871,2.0127015113830566,1.8875389099121094,2.0127015113830566,1.8875389099121094,3.433262348175049,1.8875389099121094,0.6890283823013306,0.1340923309326172,0.6890283823013306,0.1340923309326172,1.0305922031402588,0.3198159337043762
440,100,-0.764363378958735,-1.9807789,0.9699066989483869,0.525695129475297,0.15616980024863092,2.343818426132202,1.196657657623291,2.343818426132202,1.196657657623291,3.3904855251312256,2.299370050430298,1.196657657623291,0.26484620571136475,1.196657657623291,0.26484620571136475,1.7480138540267944,0.6869980096817017
441,100,-0.6462282745295941,-2.4136791,0.876998357820449,0.8112257796234079,0.4356615609422174,1.3332631587982178,0.714537501335144,1.3332631587982178,0.714537501335144,3.308361768722534,1.9311988353729248,0.714537501335144,0.27748584747314453,0.714537501335144,0.27748584747314453,1.3228681087493896,0.8042647838592529
442,100,-0.3241838827985279,-2.3269737,0.27497488102808476,0.8609698152111973,0.7293466003515672,1.9686920642852783,1.1440622806549072,1.9686920642852783,1.1440622806549072,3.74853515625,2.7996175289154053,0.7544602155685425,0.22841644287109375,0.7544602155685425,0.22841644287109375,1.5614416599273682,0.6040249466896057
443,100,-1.8824341272307417,-1.4967653,0.19191929363866445,0.27074308313198925,0.7783053455125426,2.063375473022461,1.9231295585632324,2.063375473022461,1.9231295585632324,2.496901035308838,1.9231295585632324,1.0671215057373047,0.266920804977417,1.0671215057373047,0.266920804977417,1.2983753681182861,0.4291127026081085
444,100,-3.202721279736779,-0.9530015,0.07057598272268117,0.22106369114976965,0.27953805406401855,0.9474671483039856,1.2898508310317993,0.9474671483039856,1.2898508310317993,1.6312229633331299,1.2898508310317993,0.5847856402397156,0.18232059478759766,0.5847856402397156,0.18232059478759766,0.8346855640411377,0.41979557275772095
445,100,-2.906886052615689,-1.8414822,0.6225324164871189,0.22194102593406395,0.39389642739598096,1.5186653137207031,0.6694228649139404,1.5186653137207031,0.6694228649139404,2.456219434738159,1.5133370161056519,0.6694228649139404,0.11834263801574707,0.6694228649139404,0.11834263801574707,0.9443522691726685,0.3125572204589844
446,100,-3.1246605775738905,-2.161309,0.7870774779827218,0.5760081506548675,0.09029843772783952,2.2760655879974365,0.8177462816238403,2.2760655879974365,0.8177462816238403,3.561966896057129,2.2089922428131104,0.8177462816238403,0.10739541053771973,0.8177462816238403,0.10739541053771973,1.5133693218231201,0.4961278438568115
447,100,-2.483629702413448,-2.141586,0.7114899748699461,0.6391195477565743,0.3865055625368541,1.0776972770690918,0.6983293294906616,1.0776972770690918,0.6983293294906616,2.588322639465332,1.4281022548675537,0.6983293294906616,0.20386409759521484,0.6983293294906616,0.20386409759521484,1.063215732574463,0.5791124105453491
448,100,-3.3980577581260616,-2.5900762,0.6740909684257412,0.5885433344957756,0.5333852280200138,0.4727632999420166,0.41390395164489746,0.4727632999420166,0.41390395164489746,1.0353209972381592,0.9422283172607422,0.41390395164489746,0.28122377395629883,0.41390395164489746,0.28122377395629883,0.6780661344528198,0.6133274435997009
449,100,-2.0612858801912526,-2.2603433,0.6411339540636207,0.6110937178544572,0.4675104189344088,0.4969111680984497,0.4969111680984497,0.4969111680984497,0.4969111680984497,1.2856976985931396,1.0267136096954346,0.4969111680984497,0.23830652236938477,0.4969111680984497,0.23830652236938477,0.7618123888969421,0.542402446269989
450,100,-0.556500373115735,-2.4194827,0.6351375398562119,0.4491995651006089,0.4942950227288243,0.8331215381622314,0.5512416362762451,0.8331215381622314,0.5512416362762451,1.8749401569366455,2.276092529296875,0.5512416362762451,0.24963784217834473,0.5512416362762451,0.24963784217834473,0.8435564041137695,0.6176645755767822
451,100,-2.1023490652119516,-2.318831,0.3711640852538687,0.5726218003574823,0.47087620942504516,0.620392918586731,0.625173807144165,0.620392918586731,0.625173807144165,1.9992082118988037,1.8358039855957031,0.29302072525024414,0.19777607917785645,0.29302072525024414,0.19777607917785645,0.6413671970367432,0.38801640272140503
452,100,-1.6731544953171276,-1.6643679,0.019458972724135437,0.4281423917213052,0.5123099656295529,1.62645423412323,1.8094216585159302,1.62645423412323,1.8094216585159302,2.8758111000061035,1.8094216585159302,0.6117033958435059,0.1827324628829956,0.6117033958435059,0.1827324628829956,1.0679383277893066,0.44764724373817444
453,100,-1.81165113821004,-2.350115,0.41061059737584427,0.1370988515912972,0.5382292192378102,1.4737303256988525,1.8385183811187744,1.4737303256988525,1.8385183811187744,3.0667474269866943,1.8385183811187744,0.6258631944656372,0.11012554168701172,0.6258631944656372,0.11012554168701172,1.0440518856048584,0.3999747633934021
454,100,-0.2256346420023314,-1.7224002,0.29579026633521566,0.44849761653550696,0.03024319030626088,1.497874140739441,1.5969194173812866,1.497874140739441,1.5969194173812866,2.501349449157715,1.5969194173812866,0.7825064063072205,0.142120361328125,0.7825064063072205,0.142120361328125,1.1897128820419312,0.4789904057979584
455,100,-0.012089847591884,-1.9300958,0.2889795085588062,0.26491433668151954,0.29185993410646954,0.5575658082962036,1.7603310346603394,0.5575658082962036,1.7603310346603394,1.2706971168518066,1.7603310346603394,0.4226332902908325,0.35396111011505127,0.4226332902908325,0.35396111011505127,0.7314320802688599,0.6635729074478149
456,100,0.92199820877387,-1.6222873,0.1720149791783483,0.3579962672441686,0.38709055151009486,1.398545503616333,1.7090810537338257,1.398545503616333,1.7090810537338257,2.7751152515411377,1.7090810537338257,0.5433694124221802,0.07257986068725586,0.5433694124221802,0.07257986068725586,1.0743048191070557,0.3502961993217468
457,100,0.7511508526770913,-1.326756,0.2358548578988642,0.11022978886654725,0.3207695960768104,1.5352920293807983,1.0929038524627686,1.5352920293807983,1.0929038524627686,1.5384116172790527,1.0929038524627686,0.9733006954193115,0.09782564640045166,0.9733006954193115,0.09782564640045166,0.9758196473121643,0.10022604465484619
458,100,0.9993240394593362,0.27477905,0.7109302527229604,0.35434554262515605,0.27283987459243364,0.3524758517742157,0.3524758517742157,0.3524758517742157,0.3524758517742157,0.07417067885398865,0.3462821841239929,0.3524758517742157,0.0885789692401886,0.3524758517742157,0.0885789692401886,0.3493790030479431,0.09102886915206909
459,100,3.04894985407136,0.23602039,0.6440434377013204,0.6320125801149513,0.28162628760452524,0.12721583247184753,0.17393499612808228,0.12721583247184753,0.17393499612808228,0.35494422912597656,0.41840651631355286,0.17393499612808228,0.001030653715133667,0.17393499612808228,0.001030653715133667,0.29617077112197876,0.08414115756750107
460,100,4.837920579150879,0.6328723,0.6721691322797763,0.6200194834152244,0.5935807306306671,0.18680191040039062,0.18680191040039062,0.18680191040039062,0.18680191040039062,0.3078484535217285,0.38417381048202515,0.18680191040039062,0.13352733850479126,0.18680191040039062,0.13352733850479126,0.2854878604412079,0.24071355164051056
461,100,2.6981770947618915,0.480706,0.8931600853186291,0.5159998093683699,0.4129639417701161,0.1606907844543457,0.1606907844543457,0.1606907844543457,0.1606907844543457,0.03584432601928711,0.40711039304733276,0.1606907844543457,0.026341915130615234,0.1606907844543457,0.026341915130615234,0.28390058875083923,0.07399320602416992
462,100,2.888471789640443,1.2701602,1.166110825984134,0.7264945901085418,0.29418895785341603,0.36938345432281494,0.36938345432281494,0.36938345432281494,0.36938345432281494,0.4750823974609375,0.8338546752929688,0.36938345432281494,0.07249164581298828,0.36938345432281494,0.07249164581298828,0.6016190648078918,0.18895936012268066
463,100,2.9162747667782303,1.6306099,1.0160543856265414,1.0087367716818227,0.630357585431323,0.012514829635620117,0.21946239471435547,0.012514829635620117,0.21946239471435547,0.28989744186401367,0.680603563785553,0.21946239471435547,0.16599297523498535,0.21946239471435547,0.16599297523498535,0.4500329792499542,0.4139389991760254
464,100,1.606728840131992,1.275203,0.856638097169063,0.6926713817564074,0.5743419712095736,0.014203429222106934,0.0802832841873169,0.014203429222106934,0.0802832841873169,0.01436316967010498,0.37548398971557617,0.0802832841873169,0.1648263931274414,0.0802832841873169,0.1648263931274414,0.22788363695144653,0.28643614053726196
465,100,0.7360969740046811,0.9955699,0.8851548932633551,0.6684022923016156,0.49808312574868774,0.09848254919052124,0.09848254919052124,0.09848254919052124,0.09848254919052124,0.4157651662826538,0.4222220182418823,0.09848254919052124,0.09114527702331543,0.09848254919052124,0.09114527702331543,0.2603522837162018,0.20627158880233765
466,100,0.8926554277864863,0.75987047,0.6848430840932215,0.8297060433122302,0.5646084679156234,0.19270670413970947,0.4333171248435974,0.19270670413970947,0.4333171248435974,0.22025680541992188,0.4333171248435974,0.19270670413970947,0.11786341667175293,0.19270670413970947,0.11786341667175293,0.31301191449165344,0.21331602334976196
467,100,1.7828209446138006,0.6797166,0.5805368765266903,0.6768642879023993,0.610945801375453,0.02189922332763672,0.3086959421634674,0.02189922332763672,0.3086959421634674,0.23185959458351135,0.7516598701477051,0.16990447044372559,0.09264576435089111,0.16990447044372559,0.09264576435089111,0.3415904641151428,0.21631278097629547
468,100,2.143939451067795,1.1603466,0.6368402841011276,0.6516086319365451,1.1161746248295623,0.493563175201416,1.3354873657226562,0.493563175201416,1.3354873657226562,0.43215423822402954,1.3354873657226562,0.493563175201416,0.1432483196258545,0.493563175201416,0.1432483196258545,0.7010655999183655,0.2584574818611145
469,100,1.537565781556082,1.6759152,1.229569014942728,0.7328855222238295,0.5342776308098611,0.41850149631500244,0.41850149631500244,0.41850149631500244,0.41850149631500244,0.4192359447479248,0.7593870162963867,0.41850149631500244,0.15259277820587158,0.41850149631500244,0.15259277820587158,0.5889442563056946,0.27771180868148804
470,100,0.3619112966999498,1.3202227,0.9514923581014998,0.7367369856595788,0.39875706956046564,0.15209126472473145,0.15209126472473145,0.15209126472473145,0.15209126472473145,0.37970948219299316,0.47345227003097534,0.15209126472473145,0.044653892517089844,0.15209126472473145,0.044653892517089844,0.3127717673778534,0.13293278217315674
471,100,-1.7307558995928738,1.503948,0.8264774956397992,0.8262068808744454,0.5974428783270094,0.06336140632629395,0.14673686027526855,0.06336140632629395,0.14673686027526855,0.349637508392334,0.47812676429748535,0.14673686027526855,0.1761002540588379,0.14673686027526855,0.1761002540588379,0.31243181228637695,0.3403434455394745
472,100,0.0013252620832875,1.5493686,0.4981141238796596,0.9217686743933158,1.224889547599294,0.39209413528442383,1.513668417930603,0.39209413528442383,1.513668417930603,0.8514217734336853,1.513668417930603,0.39209413528442383,0.02481210231781006,0.39209413528442383,0.02481210231781006,0.8508871793746948,0.17609697580337524
473,100,-0.569241582832148,0.1410213,0.29663839930815694,0.5291205090294591,0.6863092226280326,0.4815289378166199,0.2677208185195923,0.4815289378166199,0.2677208185195923,0.14543062448501587,0.2677208185195923,0.4815289378166199,0.8115890622138977,0.4815289378166199,0.8115890622138977,0.5722792148590088,0.7532361149787903
474,100,-1.3890428627087972,-0.6334023,0.32849215939512977,0.26472218602870146,0.34407219308655707,0.14365464448928833,0.6900643110275269,0.14365464448928833,0.6900643110275269,0.041957199573516846,0.6900643110275269,0.14365464448928833,0.803276777267456,0.14365464448928833,0.803276777267456,0.14399439096450806,0.8030049800872803
475,100,-0.918190552642121,-1.1070882,0.04215342387608256,0.2282468463931091,0.3728135526820353,1.751786231994629,1.3567103147506714,1.751786231994629,1.3567103147506714,1.7513350248336792,1.3567103147506714,1.0808651447296143,0.2989330291748047,1.0808651447296143,0.2989330291748047,1.0804557800292969,0.29847216606140137
476,100,-0.931849791176848,-0.88165873,0.23501373327231584,0.08624655141773607,0.29953074466782753,0.0006229281425476074,0.925381064414978,0.0006229281425476074,0.925381064414978,1.2391844987869263,0.925381064414978,0.0006229281425476074,0.2915657162666321,0.0006229281425476074,0.2915657162666321,0.3253118395805359,0.6087247133255005
477,100,-0.8783953415257496,-0.8916213,0.07578391066505932,0.25002805951381063,0.018841184605284278,1.0504584312438965,1.1594014167785645,1.0504584312438965,1.1594014167785645,1.6484169960021973,1.1594014167785645,0.6578055620193481,0.17619609832763672,0.6578055620193481,0.17619609832763672,0.9086034893989563,0.42806190252304077
478,100,-0.1518867393596498,-1.0034299,0.09413452008643114,0.07917791820064035,0.16507232242945527,0.7250312566757202,1.338090181350708,0.7250312566757202,1.338090181350708,1.1320019960403442,1.338090181350708,0.5442215204238892,0.40329164266586304,0.5442215204238892,0.40329164266586304,0.749903678894043,0.6119352579116821
479,100,-0.6410181530756036,-0.75778836,0.006866399173167115,0.11037171420183578,0.10771254015465581,0.5080077648162842,0.9406890869140625,0.5080077648162842,0.9406890869140625,0.940474271774292,1.3208320140838623,0.479449987411499,0.46236175298690796,0.479449987411499,0.46236175298690796,0.6869723796844482,0.6559815406799316
480,100,-1.6449096619887809,-0.5992547,0.2356897970450293,0.12151159845369383,0.12733284230392003,0.08436787128448486,0.08436787128448486,0.08436787128448486,0.08436787128448486,1.108197808265686,1.1956238746643066,0.08436787128448486,0.5614138841629028,0.08436787128448486,0.5614138841629028,0.36567017436027527,0.8406804800033569
481,100,-1.630887176872052,-0.3687593,0.05212751598036569,0.14890364237462528,0.05916045015978644,0.0735817551612854,0.4316146969795227,0.0735817551612854,0.4316146969795227,0.6464000344276428,0.7377485632896423,0.0735817551612854,0.3572031259536743,0.0735817551612854,0.3572031259536743,0.23534254729747772,0.5117952823638916
482,100,-1.425071744837333,-0.7431348,0.3395683949819648,0.018481189801111353,0.2206689596649809,1.3621063232421875,0.7915838956832886,1.3621063232421875,0.7915838956832886,1.4220534563064575,1.19614577293396,0.7915838956832886,0.35756412148475647,0.7915838956832886,0.35756412148475647,0.8332226276397705,0.3994070887565613
483,100,-2.40375639145541,-1.5956395,0.3910307763880471,0.437767137827742,0.1008849633518365,1.3936980962753296,1.6333816051483154,1.3936980962753296,1.6333816051483154,2.600847005844116,1.6333816051483154,0.7389805912971497,0.2743515968322754,0.7389805912971497,0.2743515968322754,1.1861810684204102,0.646338701248169
484,100,-3.2990719545959255,-1.3973604,0.3755993115814896,0.3430629679581141,0.24323395702386252,0.6293787956237793,0.6293787956237793,0.6293787956237793,0.6293787956237793,1.3588385581970215,1.262581706047058,0.6293787956237793,0.37228500843048096,0.6293787956237793,0.37228500843048096,0.9459802508354187,0.7073332071304321
485,100,-4.054835754925687,-1.7311774,0.5131210638306187,0.307542680426664,0.32174161840806315,1.0265209674835205,0.6209313869476318,1.0265209674835205,0.6209313869476318,1.839171290397644,2.0762882232666016,0.6209313869476318,0.3501441478729248,0.6209313869476318,0.3501441478729248,0.9544830918312073,0.6903963685035706
486,100,-2.890559252018688,-1.9907243,0.7259241616372591,0.45001618637098517,0.22538943650181764,1.5771023035049438,0.8052675724029541,1.5771023035049438,0.8052675724029541,2.773681163787842,1.684085726737976,0.8052675724029541,0.2538423538208008,0.8052675724029541,0.2538423538208008,1.2446765899658203,0.6050015687942505
487,100,-1.2906305045458792,-2.0280042,0.697185441390755,0.47383263027391465,0.3352861627552317,1.1352709531784058,0.5831393003463745,1.1352709531784058,0.5831393003463745,2.3838274478912354,1.284238338470459,0.5831393003463745,0.1988765001296997,0.5831393003463745,0.1988765001296997,0.9336888194084167,0.5191370248794556
488,100,0.0424589131793884,-1.9346789,0.5702301481181815,0.49888955713393757,0.3653463539619419,0.4864349365234375,0.4864349365234375,0.4864349365234375,0.4864349365234375,1.5680925846099854,1.056206464767456,0.4864349365234375,0.21524810791015625,0.4864349365234375,0.21524810791015625,0.7713207006454468,0.5749443173408508
489,100,-0.9167222047852828,-1.8910496,0.23894925613942053,0.4654628001601524,0.4893776696124129,1.076084852218628,1.9358835220336914,1.076084852218628,1.9358835220336914,3.0269904136657715,1.9358835220336914,0.3617006540298462,0.26766443252563477,0.3617006540298462,0.26766443252563477,0.8292902708053589,0.4676019549369812
490,100,-1.531233285291164,-0.87333816,0.338675782724549,0.30518635816846496,0.47152550842395347,1.6974525451660156,1.5002068281173706,1.6974525451660156,1.5002068281173706,1.6809194087982178,1.5002068281173706,0.7468670010566711,0.6259450912475586,0.7468670010566711,0.6259450912475586,0.735305666923523,0.6146829128265381
491,100,-2.6640684185934136,-0.831002,0.19514007661555638,0.10413304191479572,0.2700010806424512,1.0477871894836426,0.9716110825538635,1.0477871894836426,0.9716110825538635,1.9611847400665283,0.9716110825538635,0.47113239765167236,0.018583059310913086,0.47113239765167236,0.018583059310913086,0.7331172227859497,0.24260106682777405
492,100,-0.5854938882222287,-0.90051055,0.36670699531270073,0.1421799889007178,0.12273228164647043,1.4076008796691895,0.7102713584899902,1.4076008796691895,0.7102713584899902,1.914355993270874,1.1143754720687866,0.7102713584899902,0.01369410753250122,0.7102713584899902,0.01369410753250122,0.9123234152793884,0.19273200631141663
493,100,-1.0531248707195513,-1.651458,0.5405954497760719,0.3173565385267908,0.1852545857659934,1.3030694723129272,0.5543248653411865,1.3030694723129272,0.5543248653411865,2.2565383911132812,1.1016020774841309,0.5543248653411865,0.17149817943572998,0.5543248653411865,0.17149817943572998,0.8279634714126587,0.3845437169075012
494,100,-1.0178555387152954,-1.5067294,0.12048991001371134,0.5835182900489324,0.2963108511576013,1.6756765842437744,0.8581656813621521,1.6756765842437744,0.8581656813621521,2.6218767166137695,1.6743061542510986,0.6027147769927979,0.14958906173706055,0.6027147769927979,0.14958906173706055,0.9804490804672241,0.32146400213241577
495,100,-1.4083888715363413,-1.2389905,0.20886044122304293,0.11327061962169893,0.43687237191087586,1.4459127187728882,1.4235572814941406,1.4459127187728882,1.4235572814941406,2.21229887008667,1.4235572814941406,0.5268844366073608,0.1500697135925293,0.5268844366073608,0.1500697135925293,0.8128326535224915,0.3903913199901581
496,100,-1.1207734770462876,-1.0581675,0.18620058901838415,0.25356013366242053,0.11603949157540339,0.7117745280265808,1.0385500192642212,0.7117745280265808,1.0385500192642212,1.5140870809555054,1.0385500192642212,0.46404701471328735,0.19041413068771362,0.46404701471328735,0.19041413068771362,0.7512985467910767,0.4604851305484772
497,100,-2.0815774208447464,-1.2458836,0.3008055555989447,0.1830378829203929,0.15956498532719227,0.8449346423149109,0.642094612121582,0.8449346423149109,0.642094612121582,1.3135334253311157,1.1106990575790405,0.642094612121582,0.30314499139785767,0.642094612121582,0.30314499139785767,0.8763968348503113,0.5358000993728638
498,100,-2.51908612125729,-1.3317804,0.17343863086671718,0.26588834946814327,0.1965982596925218,0.36391550302505493,0.6189484596252441,0.36391550302505493,0.6189484596252441,0.7495856285095215,1.0493178367614746,0.2539139986038208,0.26981043815612793,0.2539139986038208,0.26981043815612793,0.41831353306770325,0.38875773549079895
499,100,-3.2113126098175533,-1.5251453,0.34999097887541825,0.16194694715830438,0.20686690540043373,0.8492550849914551,0.49159395694732666,0.8492550849914551,0.49159395694732666,1.439117670059204,1.4100078344345093,0.49159395694732666,0.21253907680511475,0.49159395694732666,0.21253907680511475,0.7089441418647766,0.426095575094223
500,100,-4.685258262285809,-1.7338239,0.37453644476907777,0.3092500835311477,0.14278057826318058,0.91417396068573,0.42369937896728516,0.91417396068573,0.42369937896728516,2.0381805896759033,1.0227079391479492,0.42369937896728516,0.15900087356567383,0.42369937896728516,0.15900087356567383,0.7232036590576172,0.4048599600791931
501,100,-2.7077587304914847,-1.9812336,0.4732995174466747,0.281204544417432,0.22064059141933712,0.8997142314910889,0.5517158508300781,0.8997142314910889,0.5517158508300781,1.59560227394104,0.974128246307373,0.5517158508300781,0.21843814849853516,0.5517158508300781,0.21843814849853516,0.7629220485687256,0.44367074966430664
502,100,-3.5379096601450297,-2.207704,0.5358600012471579,0.30813016609330407,0.24372521631701316,1.1749489307403564,0.4996136426925659,1.1749489307403564,0.4996136426925659,2.1447432041168213,0.9819259643554688,0.4996136426925659,0.17766284942626953,0.4996136426925659,0.17766284942626953,0.7407698035240173,0.40652167797088623
503,100,-1.5492380095855431,-2.1711378,0.2935810983181002,0.30878742100651724,0.23387094195356062,0.45043742656707764,0.6010646820068359,0.45043742656707764,0.6010646820068359,1.2245157957077026,0.6010646820068359,0.1481609344482422,0.13082456588745117,0.1481609344482422,0.13082456588745117,0.37461280822753906,0.30511951446533203
504,100,-1.6676270420688075,-2.071667,0.5568335069362653,0.23785542166724616,0.22925862731392854,1.0294829607009888,0.7504775524139404,1.0294829607009888,0.7504775524139404,1.458132266998291,1.1416810750961304,0.7504775524139404,0.2172919511795044,0.7504775524139404,0.2172919511795044,0.9460793137550354,0.4337970018386841
505,100,-0.4966344955429493,-1.8209063,0.1540387034291386,0.334809734262814,0.2490434228063358,0.8881612420082092,0.7112531661987305,0.8881612420082092,0.7112531661987305,2.084186315536499,1.5182020664215088,0.31669366359710693,0.26259422302246094,0.31669366359710693,0.26259422302246094,0.6278350353240967,0.42782700061798096
506,100,-1.593581585897604,-1.8408412,0.2291910421692111,0.17723932537119014,0.27229995752246366,0.7133283615112305,1.3800166845321655,0.7133283615112305,1.3800166845321655,1.4162391424179077,1.3800166845321655,0.3231567144393921,0.22149252891540527,0.3231567144393921,0.22149252891540527,0.5755165219306946,0.4602065682411194
507,100,0.0633905342432633,-1.9430201,0.0011619889462216038,0.21494652913992146,0.1959682905156791,0.6051931381225586,0.3430290222167969,0.6051931381225586,0.3430290222167969,1.9942048788070679,0.8954156637191772,0.22860240936279297,0.0816340446472168,0.22860240936279297,0.0816340446472168,0.4739493131637573,0.22965919971466064
508,100,-1.9696828706735157,-1.3648055,0.17193131472537748,0.027248110601364894,0.17283320089616536,0.7594307065010071,1.1720694303512573,0.7594307065010071,1.1720694303512573,1.7958770990371704,1.1720694303512573,0.3680073618888855,0.10478174686431885,0.3680073618888855,0.10478174686431885,0.6649381518363953,0.37209638953208923
509,100,0.8140769164581925,-1.4627109,0.18058623783162342,0.0978796501800777,0.06008514027108057,0.013850927352905273,0.013850927352905273,0.013850927352905273,0.013850927352905273,0.660291314125061,0.2727181911468506,0.013850927352905273,0.08275210857391357,0.013850927352905273,0.08275210857391357,0.14328455924987793,0.2326708436012268
510,100,-2.0512418473317124,-1.2514476,0.28910472507738993,0.22047543415601306,0.16906626141050823,1.488391637802124,0.7246624231338501,1.488391637802124,0.7246624231338501,1.4627692699432373,0.6963940858840942,0.7246624231338501,0.5151834487915039,0.7246624231338501,0.5151834487915039,0.7105282545089722,0.5014543533325195
511,100,-1.6326038272753949,-0.5648336,0.5721824482864223,0.21205773378027903,0.20528083203738112,0.31478726863861084,0.31478726863861084,0.31478726863861084,0.31478726863861084,1.0520751476287842,0.32495418190956116,0.31478726863861084,0.018556654453277588,0.31478726863861084,0.018556654453277588,0.3198707103729248,0.3159252107143402
512,100,-1.885851214504736,-1.1141634,0.34215406965963624,0.48414376316611296,0.25693423999953513,0.27069520950317383,0.491100549697876,0.27069520950317383,0.491100549697876,1.5924183130264282,0.491100549697876,0.27069520950317383,0.736660361289978,0.27069520950317383,0.736660361289978,0.3808978796005249,1.2051687240600586
513,100,-1.4475051737855775,-1.3976008,0.17403958442771347,0.24646500875066032,0.3398778433703474,0.17020535469055176,0.9116326570510864,0.17020535469055176,0.9116326570510864,1.1087889671325684,0.9116326570510864,0.17020535469055176,0.4405689239501953,0.17020535469055176,0.4405689239501953,0.2588951587677002,0.8325872421264648
514,100,-2.903167703676017,-1.6185474,0.2330180846180292,0.15714773039023117,0.15968674485318818,0.6088359355926514,0.5237407684326172,0.6088359355926514,0.5237407684326172,1.1197502613067627,1.5103291273117065,0.5237407684326172,0.33959317207336426,0.5237407684326172,0.33959317207336426,0.7209562659263611,0.5712672472000122
515,100,-0.8764729036946302,-1.5534892,0.13862555280737443,0.18349970184599404,0.12304549605371229,0.3872370719909668,0.7212567925453186,0.3872370719909668,0.7212567925453186,0.8614171147346497,0.7212567925453186,0.2827739715576172,0.21162104606628418,0.2827739715576172,0.21162104606628418,0.5020153522491455,0.41309043765068054
516,100,-1.449097531178035,-1.7618588,0.34591849353100373,0.10943327741729486,0.13437613588837816,0.9901658892631531,0.5076744556427002,0.9901658892631531,0.5076744556427002,1.527770757675171,1.3723032474517822,0.5076744556427002,0.18671631813049316,0.5076744556427002,0.18671631813049316,0.6882405877113342,0.3442900776863098
517,100,-1.9884484402544076,-1.6058935,0.0035081834522721067,0.3032254709564536,0.09642599837988886,1.2253177165985107,0.7858818769454956,1.2253177165985107,0.7858818769454956,1.7200069427490234,1.290743112564087,0.5094810724258423,0.179091215133667,0.5094810724258423,0.179091215133667,0.7493816614151001,0.3073573708534241
518,100,-0.5768769820021634,-1.5721805,0.1128045931791318,0.015749759421622933,0.20372705071959712,0.7980393171310425,1.096859097480774,0.7980393171310425,1.096859097480774,1.419994592666626,1.096859097480774,0.3956791162490845,0.15921688079833984,0.3956791162490845,0.15921688079833984,0.6175442934036255,0.36542099714279175
519,100,-0.9424785414013233,-1.585926,0.19658498681723258,0.12564280228465302,0.04221161202082718,0.691556453704834,0.3558368682861328,0.691556453704834,0.3558368682861328,1.3903894424438477,0.7355162501335144,0.3558368682861328,0.17446184158325195,0.3558368682861328,0.17446184158325195,0.545676589012146,0.3550771474838257
520,100,-1.4988831100960345,-1.6239625,0.03451570833927581,0.2138903714025141,0.10161323042720877,0.9398696422576904,0.5904594659805298,0.9398696422576904,0.5904594659805298,1.6044597625732422,1.0326550006866455,0.3996572494506836,0.13202500343322754,0.3996572494506836,0.13202500343322754,0.6075968742370605,0.2732574939727783
521,100,-1.312081964568565,-1.5235316,0.07187342653979112,0.014432744599904457,0.28860850550259926,1.389574646949768,1.2941986322402954,1.389574646949768,1.2941986322402954,1.9226703643798828,1.2941986322402954,0.6049450635910034,0.1128007173538208,0.6049450635910034,0.1128007173538208,0.7828472256660461,0.212324321269989
522,100,-2.464740629281831,-1.1704694,0.15277222742380953,0.043436696020009255,0.04416933252805777,0.7668495178222656,0.4260568618774414,0.7668495178222656,0.4260568618774414,0.9517267942428589,0.9593704342842102,0.4260568618774414,0.24732059240341187,0.4260568618774414,0.24732059240341187,0.5138179063796997,0.3351881504058838
523,100,-1.7992250922698343,-1.373602,0.137272459944499,0.202553802083448,0.07831760979804803,0.6824283599853516,1.0033601522445679,0.6824283599853516,1.0033601522445679,1.4724462032318115,1.0033601522445679,0.4301406145095825,0.21563255786895752,0.4301406145095825,0.21563255786895752,0.7167503833770752,0.45948463678359985
524,100,-2.299384797747428,-1.6162969,0.3110816530320043,0.11031961956947889,0.12146516510403846,0.8631703853607178,0.4968656301498413,0.8631703853607178,0.4968656301498413,1.3339773416519165,1.3765257596969604,0.4968656301498413,0.22208678722381592,0.4968656301498413,0.22208678722381592,0.6791980266571045,0.39001184701919556
525,100,-0.5007253276766861,-1.7031854,0.17547300587251408,0.25442242398346054,0.08735041307522218,0.6505659818649292,0.8056597113609314,0.6505659818649292,0.8056597113609314,1.4139854907989502,0.8056597113609314,0.3457547426223755,0.16154658794403076,0.3457547426223755,0.16154658794403076,0.575707197189331,0.3368481993675232
526,100,-2.731362583022995,-1.8068008,0.28132836880719203,0.15348667655735493,0.1625257704416576,0.606379508972168,0.4548070430755615,0.606379508972168,0.4548070430755615,1.1100479364395142,1.2723805904388428,0.4548070430755615,0.22179388999938965,0.4548070430755615,0.22179388999938965,0.6169001460075378,0.41010570526123047
527,100,-2.0556332262825223,-1.3944767,0.06385860033973412,0.22866883679353922,0.16868069196996813,1.0425647497177124,0.5366457104682922,1.0425647497177124,0.5366457104682922,1.9452855587005615,1.2143443822860718,0.37717556953430176,0.11255848407745361,0.37717556953430176,0.11255848407745361,0.7061125040054321,0.2785399854183197
528,100,-5.628243434451105,-1.5043674,0.3486505021465962,0.03192098961048484,0.19305059470274677,1.356197714805603,0.5805234313011169,1.356197714805603,0.5805234313011169,2.1483707427978516,1.3234150409698486,0.5805234313011169,0.07535910606384277,0.5805234313011169,0.07535910606384277,0.8563079833984375,0.2771899104118347
529,100,-2.6031218707484394,-1.6498618,0.29654530487007297,0.3515767381107274,0.04894827531580259,1.4437943696975708,1.4914823770523071,1.4437943696975708,1.4914823770523071,2.551161050796509,1.4914823770523071,0.6313629150390625,0.08731317520141602,0.6313629150390625,0.08731317520141602,1.06142258644104,0.38993632793426514
530,100,-6.425457840239502,-1.9967151,0.5420934438090956,0.17664737684517806,0.18597140531871792,1.622564435005188,0.6469771862030029,1.622564435005188,0.6469771862030029,2.2624592781066895,1.7511621713638306,0.6469771862030029,0.18744850158691406,0.6469771862030029,0.18744850158691406,0.8260725736618042,0.3441861867904663
531,100,-2.277769815486472,-1.9486991,0.2942490018904205,0.4212990247634882,0.1337114586350847,1.1871380805969238,1.1527345180511475,1.1871380805969238,1.1527345180511475,2.2274208068847656,1.1527345180511475,0.48149681091308594,0.1581665277481079,0.48149681091308594,0.1581665277481079,0.8171156644821167,0.40399956703186035
532,100,-5.602312138288087,-2.1692765,0.5049261894729945,0.2323910662347508,0.2934154202182272,2.05865216255188,0.5039278268814087,2.05865216255188,0.5039278268814087,3.0958776473999023,2.12147855758667,0.5039278268814087,0.19862687587738037,0.5039278268814087,0.19862687587738037,0.8068925738334656,0.4490346908569336
533,100,-3.757214329750897,-2.4061418,0.19817304586882845,0.3536237868323565,0.22913444835910252,1.7736742496490479,0.6533477306365967,1.7736742496490479,0.6533477306365967,2.445185661315918,1.671345591545105,0.28990721702575684,0.19565653800964355,0.28990721702575684,0.19565653800964355,0.6206977367401123,0.3486872911453247
534,100,-4.740143498917913,-2.472846,0.5005275321375464,0.18684893389491686,0.3671136000337673,1.3524903059005737,0.5073349475860596,1.3524903059005737,0.5073349475860596,2.9577455520629883,2.0098555088043213,0.5073349475860596,0.16594290733337402,0.5073349475860596,0.16594290733337402,0.8359358310699463,0.48871511220932007
535,100,-3.6965075909041376,-2.4482973,0.47622538825234617,0.4343958420109298,0.12987684683803846,1.1467087268829346,0.6487324237823486,1.1467087268829346,0.6487324237823486,2.71226167678833,1.5275951623916626,0.6487324237823486,0.18633604049682617,0.6487324237823486,0.18633604049682617,1.0881638526916504,0.554078221321106
536,100,-4.593855889709554,-2.5207043,0.4181791840063543,0.2659051478600376,0.3441668589090562,0.5653738975524902,0.4139378070831299,0.5653738975524902,0.4139378070831299,1.862829566001892,1.9849083423614502,0.4139378070831299,0.1637427806854248,0.4139378070831299,0.1637427806854248,0.6633555889129639,0.5260494947433472
537,100,-3.940780178296305,-2.5023048,0.43625667902458587,0.40259653283763197,0.25332833369521723,0.514244794845581,0.514244794845581,0.514244794845581,0.514244794845581,1.6603310108184814,1.2740176916122437,0.514244794845581,0.24887561798095703,0.514244794845581,0.24887561798095703,0.8941312432289124,0.6268060207366943
538,100,-3.2504351706615404,-2.5503507,0.5138607264025922,0.3001257330179218,0.30720901788817234,0.9007594585418701,0.6432062387466431,0.9007594585418701,0.6432062387466431,1.8223166465759277,2.2450973987579346,0.6432062387466431,0.3285846710205078,0.6432062387466431,0.3285846710205078,0.9262412190437317,0.6739158630371094
539,100,-3.030570281450773,-2.7195024,0.46887811941584334,0.3708502321513665,0.2721467684839187,0.6303417682647705,0.5725181102752686,0.6303417682647705,0.5725181102752686,1.707371473312378,1.261631727218628,0.5725181102752686,0.2912251949310303,0.5725181102752686,0.2912251949310303,0.9170749187469482,0.6965934038162231
540,100,-2.8078893572696497,-2.6833036,0.2977989323667637,0.3483370164620513,0.38873046590495397,0.7213878631591797,2.2426059246063232,0.7213878631591797,2.2426059246063232,1.9301459789276123,2.2426059246063232,0.44461965560913086,0.28919172286987305,0.44461965560913086,0.28919172286987305,0.8616248369216919,0.5746974945068359
541,100,-1.6371707630385572,-2.678997,0.3873150589591035,0.3321372552989275,0.3217985232671109,0.5611429214477539,0.5611429214477539,0.5611429214477539,0.5611429214477539,1.361994743347168,1.270294189453125,0.5611429214477539,0.4079909324645996,0.5611429214477539,0.4079909324645996,0.9157185554504395,0.8338654041290283
542,100,-2.539050171342765,-2.3570204,0.3491128592006221,0.31412397637400036,0.29141622485394514,0.5554527044296265,0.5554527044296265,0.5554527044296265,0.5554527044296265,1.3576040267944336,1.2765060663223267,0.5554527044296265,0.44755470752716064,0.5554527044296265,0.44755470752716064,0.9159793853759766,0.8373821377754211
543,100,-1.3882388525201108,-2.323235,0.132923882569849,0.30046846402674654,0.2822053334915754,0.9943509101867676,1.0503945350646973,0.9943509101867676,1.0503945350646973,1.9812462329864502,1.9094411134719849,0.5432970523834229,0.3409125804901123,0.5432970523834229,0.3409125804901123,0.9417462348937988,0.6792842149734497
544,100,-1.7800960360886302,-2.3619337,0.2961526210083789,0.1602600462849918,0.31225015171179427,0.8200230598449707,2.048612356185913,0.8200230598449707,2.048612356185913,2.140186309814453,2.048612356185913,0.45576322078704834,0.21409368515014648,0.45576322078704834,0.21409368515014648,0.8050217032432556,0.5017901659011841
545,100,-1.5630150752499217,-2.2734003,0.10298412041002514,0.32524741451892875,0.16423028687661673,1.1284098625183105,1.1148227453231812,1.1284098625183105,1.1148227453231812,2.100454568862915,2.045907497406006,0.5811617374420166,0.3053154945373535,0.5811617374420166,0.3053154945373535,1.0020790100097656,0.5686178207397461
546,100,-2.8336124920333727,-2.0088189,0.16758289167663903,0.07429972869628898,0.22857031797113278,0.8489664793014526,1.6446800231933594,0.8489664793014526,1.6446800231933594,1.6090338230133057,1.6446800231933594,0.5534005165100098,0.37931251525878906,0.5534005165100098,0.37931251525878906,0.8629670739173889,0.6817342638969421
547,100,0.3095914293989295,-2.2360613,0.1351273469242854,0.18946677669114634,0.10732993130216939,0.5955861806869507,0.9414912462234497,0.5955861806869507,0.9414912462234497,1.2306387424468994,0.9414912462234497,0.436040997505188,0.37077629566192627,0.436040997505188,0.37077629566192627,0.6887661218643188,0.5981272459030151
548,100,-1.6197692756212958,-2.3106825,0.3368913802507093,0.14143966265739621,0.15585476792452752,1.0034903287887573,0.545158863067627,1.0034903287887573,0.545158863067627,1.7379859685897827,1.8739010095596313,0.545158863067627,0.30290794372558594,0.545158863067627,0.30290794372558594,0.8099036812782288,0.5882847905158997
549,100,-1.0653466623552044,-1.4727085,0.45085040665522896,0.38073440490104876,0.12117491845566408,0.11081099510192871,0.11081099510192871,0.11081099510192871,0.11081099510192871,1.7486242055892944,0.7309706211090088,0.11081099510192871,0.41675376892089844,0.11081099510192871,0.41675376892089844,0.42089080810546875,0.9428126811981201
550,100,-2.448560451389801,-1.2772117,0.10250270589418053,0.45467947930404873,0.2671220197351938,0.1029047966003418,0.4901442527770996,0.1029047966003418,0.4901442527770996,0.9181722402572632,1.088782787322998,0.1029047966003418,0.5923432111740112,0.1029047966003418,0.5923432111740112,0.32239246368408203,0.8758864998817444
551,100,-2.065143155594136,-1.4445941,0.026772890969649632,0.19087650688345925,0.40296252663295284,0.12524104118347168,1.0985522270202637,0.12524104118347168,1.0985522270202637,1.4708906412124634,1.0985522270202637,0.12524104118347168,0.4154508113861084,0.12524104118347168,0.4154508113861084,0.36500051617622375,0.8426358103752136
552,100,-3.758672102620851,-2.423855,0.263641682303034,0.08353581614920302,0.20120828173721816,0.8908902406692505,0.4107627868652344,0.8908902406692505,0.4107627868652344,2.1127402782440186,1.734269618988037,0.4107627868652344,0.2110447883605957,0.4107627868652344,0.2110447883605957,0.7728744149208069,0.5404534935951233
553,100,-1.5586238900557785,-2.0388157,0.2293649248753219,0.2972873294681201,0.01515889315005059,1.1238157749176025,1.315787672996521,1.1238157749176025,1.315787672996521,2.205080509185791,1.315787672996521,0.6086263656616211,0.21932244300842285,0.6086263656616211,0.21932244300842285,0.962207019329071,0.5075822472572327
554,100,-1.9169093511977804,-2.3291433,0.5639311181976622,0.190929249620315,0.20163171085500248,1.612497329711914,0.9343754053115845,1.612497329711914,0.9343754053115845,2.2412490844726562,2.175844669342041,0.9343754053115845,0.4516390562057495,0.9343754053115845,0.4516390562057495,1.2337361574172974,0.7191030383110046
555,100,-1.0723799803142915,-2.3315542,0.12156246561569839,0.4098104936457987,0.17396429570270205,1.4868344068527222,1.155029058456421,1.4868344068527222,1.155029058456421,2.1982667446136475,1.9447450637817383,0.6298400163650513,0.3057267665863037,0.6298400163650513,0.3057267665863037,0.9782344698905945,0.5094654560089111
556,100,-0.1923546147667758,-2.128381,0.2083299560184328,0.112134981631618,0.2873255966864916,0.9314990043640137,1.878941297531128,0.9314990043640137,1.878941297531128,1.8963268995285034,1.878941297531128,0.4946317672729492,0.30806756019592285,0.4946317672729492,0.30806756019592285,0.860232949256897,0.649630069732666
557,100,-1.404515190315411,-1.5572265,0.07620035680298964,0.1572816820488765,0.05065327544802245,0.8357373476028442,0.9725748300552368,0.8357373476028442,0.9725748300552368,1.226963996887207,0.9725748300552368,0.5724771022796631,0.3178359270095825,0.5724771022796631,0.3178359270095825,0.77252596616745,0.5099470615386963
558,100,0.0650618310327225,-2.1860054,0.10349925625365204,0.05600784985265346,0.19940721532938,1.29457688331604,0.995049238204956,1.29457688331604,0.995049238204956,1.3679561614990234,0.995049238204956,0.5058339834213257,0.20329523086547852,0.5058339834213257,0.20329523086547852,0.5313462615013123,0.22315645217895508
559,100,-2.19194539578559,-1.5958022,0.019021933571887042,0.1978674189177988,0.010031140457416099,0.054345130920410156,0.4176661968231201,0.054345130920410156,0.4176661968231201,0.7946023941040039,0.4176661968231201,0.054345130920410156,0.33580219745635986,0.054345130920410156,0.33580219745635986,0.23600566387176514,0.5382179021835327
560,100,0.044079222023853,-1.5106502,0.24129872076546183,0.05491734585401553,0.24207297073760428,0.16155052185058594,0.54087895154953,0.16155052185058594,0.54087895154953,0.1427462100982666,0.54087895154953,0.06801271438598633,0.47893428802490234,0.06801271438598633,0.47893428802490234,0.05900371074676514,0.4683753252029419
561,100,-0.8975788773246998,-1.9250025,0.130744887035839,0.1979351859040475,0.05610584060555879,0.01395726203918457,0.41253435611724854,0.01395726203918457,0.41253435611724854,1.0795165300369263,0.41253435611724854,0.01395726203918457,0.38141918182373047,0.01395726203918457,0.38141918182373047,0.21324580907821655,0.6560066938400269
562,100,0.7223151706528004,-1.3178263,0.29347486466271744,0.13834935969503492,0.2319544448782902,0.005956888198852539,0.011347293853759766,0.005956888198852539,0.011347293853759766,0.019534826278686523,0.5012911558151245,0.011347293853759766,0.5280318260192871,0.011347293853759766,0.5280318260192871,0.018122553825378418,0.5207069516181946
563,100,0.2201761168271997,-1.4829032,0.10982387502680974,0.3104894207822499,0.12958959607836373,0.012613296508789062,0.2350780963897705,0.012613296508789062,0.2350780963897705,0.8475809097290039,0.7382043600082397,0.012613296508789062,0.24882817268371582,0.012613296508789062,0.24882817268371582,0.23988699913024902,0.5000808835029602
564,100,0.235590214385041,-1.1674894,0.4801325087797189,0.11586097914635907,0.2853934556194597,0.22810828685760498,0.22810828685760498,0.22810828685760498,0.22810828685760498,0.04065573215484619,0.05853772163391113,0.22810828685760498,0.3097584843635559,0.22810828685760498,0.3097584843635559,0.23455440998077393,0.30280888080596924
565,100,1.1203842799388186,-0.56716,0.47760023463427814,0.5435685966919171,0.12029364788296726,0.20960521697998047,0.28265511989593506,0.20960521697998047,0.28265511989593506,0.116455078125,0.28265511989593506,0.20960521697998047,0.16914743185043335,0.20960521697998047,0.16914743185043335,0.24613016843795776,0.13849830627441406
566,100,1.6756463278262408,-0.7696333,0.4405661488521546,0.387002963585543,0.42029579541937134,0.07665884494781494,0.07292759418487549,0.07665884494781494,0.07292759418487549,0.09036821126937866,0.3132479190826416,0.07292759418487549,0.0641583800315857,0.07292759418487549,0.0641583800315857,0.15923839807510376,0.15100225806236267
567,100,1.591018830750946,-0.30582216,0.7065834847512522,0.4094774281906919,0.3290773377180918,0.2889882028102875,0.2889882028102875,0.2889882028102875,0.2889882028102875,0.13088589906692505,0.3524051606655121,0.2889882028102875,0.04063507914543152,0.2889882028102875,0.04063507914543152,0.3206966817378998,0.06772835552692413
568,100,0.1450930586130028,-0.20711783,0.8118205688112891,0.6683348627037711,0.4302871865428397,0.4768621027469635,0.4768621027469635,0.4768621027469635,0.4768621027469635,0.6794511079788208,0.8831167221069336,0.4768621027469635,0.06322330236434937,0.4768621027469635,0.06322330236434937,0.6799893975257874,0.2433413416147232
569,100,1.7324552015076935,0.23651202,0.7811707392194118,0.8141177991705968,0.6083666885534105,0.2889361083507538,0.7467708587646484,0.2889361083507538,0.7467708587646484,0.7200754880905151,0.7467708587646484,0.2889361083507538,0.14804954826831818,0.2889361083507538,0.14804954826831818,0.5178534984588623,0.3398061692714691
570,100,0.4080922400754281,-0.055296615,0.34409656393568966,0.8212605876355238,0.8088761115145846,0.26210111379623413,0.3238876461982727,0.26210111379623413,0.3238876461982727,0.7895747423171997,0.8716550469398499,0.28448647260665894,0.02597680687904358,0.28448647260665894,0.02597680687904358,0.5549585223197937,0.158732071518898
571,100,0.8926674531345316,-0.04620774,0.7575557047814849,0.4043970707407114,0.9728208114601083,0.42635083198547363,1.184630274772644,0.42635083198547363,1.184630274772644,1.0464184284210205,1.184630274772644,0.4955328106880188,0.029636070132255554,0.4955328106880188,0.029636070132255554,0.8083131313323975,0.2630726397037506
572,100,-0.6372565295307246,-0.29036087,0.49827089736756613,0.8691871604814965,0.36722796579304484,0.511777937412262,0.6577150225639343,0.511777937412262,0.6577150225639343,0.20946040749549866,0.6577150225639343,0.511777937412262,0.02767321467399597,0.511777937412262,0.02767321467399597,0.5847464799880981,0.08309702575206757
573,100,-0.0112405527543627,-0.11495204,0.667780647163129,0.38106039916629253,0.35379154455313566,0.006418377161026001,0.14185316860675812,0.006418377161026001,0.14185316860675812,0.06067471206188202,0.196907177567482,0.14185316860675812,0.1009136289358139,0.14185316860675812,0.1009136289358139,0.16938017308712006,0.1285117119550705
574,100,0.5841825922580364,-0.7311725,0.1792826093861326,0.5725692658208283,0.38255055104078295,0.2695741057395935,0.07694154977798462,0.2695741057395935,0.07694154977798462,0.25006532669067383,0.18361955881118774,0.2695741057395935,0.17724138498306274,0.2695741057395935,0.17724138498306274,0.32421058416366577,0.13267731666564941
575,100,0.1223532131693141,-0.8004138,0.3807312860521665,0.17841921060560484,0.36136838384100645,0.23477226495742798,0.003058016300201416,0.23477226495742798,0.003058016300201416,0.11204153299331665,0.0189359188079834,0.003058016300201416,0.13671636581420898,0.003058016300201416,0.13671636581420898,0.07024207711219788,0.0763026773929596
576,100,2.197788562323657,-0.24170431,0.6658919232663827,0.41826240874545273,0.1688478717586841,0.14314350485801697,0.14314350485801697,0.14314350485801697,0.14314350485801697,0.024843335151672363,0.14062267541885376,0.14314350485801697,0.06573723256587982,0.14314350485801697,0.06573723256587982,0.14188309013843536,0.06663321703672409
577,100,-1.6590436407268874,-0.17587635,0.4717530740290571,0.5978243425488472,0.37046945379259677,0.1387595534324646,0.1730484664440155,0.1387595534324646,0.1730484664440155,0.05006483197212219,0.1730484664440155,0.1387595534324646,0.001919567584991455,0.1387595534324646,0.001919567584991455,0.15590400993824005,0.014294609427452087
578,100,2.3851330959695844,0.15062337,0.9413130101059718,0.3559393859452398,0.3918691142062143,0.34935179352760315,0.34935179352760315,0.34935179352760315,0.34935179352760315,0.23530852794647217,0.48589855432510376,0.34935179352760315,0.012687891721725464,0.34935179352760315,0.012687891721725464,0.4013304114341736,0.04073939472436905
579,100,0.152854331194872,-0.39906108,0.026009818199778767,0.8909458782767105,0.3146055153094205,0.412284255027771,0.12383583188056946,0.412284255027771,0.12383583188056946,0.14082229137420654,0.1028377115726471,0.412284255027771,0.38397735357284546,0.412284255027771,0.38397735357284546,0.4267483353614807,0.3805806636810303
580,100,3.9629474627376897,0.05789326,0.9542378199597198,0.032101523463975434,0.8201277366362483,0.5302779078483582,0.5302779078483582,0.5302779078483582,0.5302779078483582,1.0507874488830566,0.5156798362731934,0.5302779078483582,0.1544724851846695,0.5302779078483582,0.1544724851846695,0.8261865377426147,0.07847947627305984
581,100,-0.3380754879170826,0.08413131,0.4276296510313131,1.4115694889453114,0.048553634780584165,1.125051498413086,1.1915161609649658,1.125051498413086,1.1915161609649658,0.28754448890686035,1.1915161609649658,1.125051498413086,0.20757567882537842,1.125051498413086,0.20757567882537842,1.1582838296890259,0.18953226506710052
582,100,5.156139546031321,0.15434542,0.9555055024262351,0.2598978982937501,0.2603576541510234,0.28046903014183044,0.28046903014183044,0.28046903014183044,0.28046903014183044,0.30879950523376465,0.4145733118057251,0.28046903014183044,0.002956479787826538,0.28046903014183044,0.002956479787826538,0.33332639932632446,0.02196153998374939
583,100,0.8808705585001507,0.44684947,0.3526559922703353,1.07633417842212,0.22504353029109359,0.40976250171661377,0.3349136412143707,0.40976250171661377,0.3349136412143707,0.1911213994026184,0.3349136412143707,0.40976250171661377,0.004354119300842285,0.40976250171661377,0.004354119300842285,0.37233805656433105,0.012251406908035278
584,100,5.828295331247818,0.36180705,0.9059892300375546,0.19997561274934905,0.45080682701876085,0.12137997150421143,0.12137997150421143,0.12137997150421143,0.12137997150421143,0.2919405400753021,0.35024675726890564,0.12137997150421143,0.006938040256500244,0.12137997150421143,0.006938040256500244,0.2755756974220276,0.020999431610107422
585,100,1.11672203860938,0.60579914,0.5716857791428624,1.0376703945849461,0.1572581259813799,0.38258248567581177,0.6371208429336548,0.38258248567581177,0.6371208429336548,0.048974573612213135,0.6371208429336548,0.38258248567581177,0.009641110897064209,0.38258248567581177,0.009641110897064209,0.5098516941070557,0.053724855184555054
586,100,6.27560676355546,0.61248344,1.0080037437686602,0.37188105050896847,0.5867999889647837,0.04789084196090698,0.04789084196090698,0.04789084196090698,0.04789084196090698,0.12210118770599365,0.4910287857055664,0.04789084196090698,0.0058144330978393555,0.04789084196090698,0.0058144330978393555,0.1344601958990097,0.010939717292785645
587,100,2.041228972083112,1.2892108,0.5630674054686144,1.3596650989297328,0.45592390459120513,0.3248934745788574,0.4466820955276489,0.3248934745788574,0.4466820955276489,0.29277753829956055,0.4466820955276489,0.3248934745788574,0.01913166046142578,0.3248934745788574,0.01913166046142578,0.3857877850532532,0.02323293685913086
588,100,5.077231739773216,0.44293955,0.8618840157371204,0.39223677223337083,0.7198448427328745,0.2215801179409027,0.2215801179409027,0.2215801179409027,0.2215801179409027,0.030443847179412842,0.5477432012557983,0.2215801179409027,0.02495896816253662,0.2215801179409027,0.02495896816253662,0.16650788486003876,0.028620928525924683
589,100,-0.7513352149861299,1.262798,0.7167386240053832,1.4621134319205051,0.48297386749605975,0.439055860042572,0.7646604776382446,0.439055860042572,0.7646604776382446,0.4225788116455078,0.7646604776382446,0.439055860042572,0.04810762405395508,0.439055860042572,0.04810762405395508,0.6018581390380859,0.055442094802856445
590,100,5.724456820413136,0.96043134,0.7153416986983665,0.5969081985287342,0.5801127829438533,0.24609804153442383,0.2405843734741211,0.24609804153442383,0.2405843734741211,0.3284118175506592,0.05545175075531006,0.2405843734741211,0.0513383150100708,0.2405843734741211,0.0513383150100708,0.14801806211471558,0.08368420600891113
591,100,0.4984157596611914,1.119046,0.23984450507665844,1.5460010315595627,0.8176504729821303,0.48847389221191406,0.35228127241134644,0.48847389221191406,0.35228127241134644,0.35756808519363403,1.0021387338638306,0.48847389221191406,0.04803168773651123,0.48847389221191406,0.04803168773651123,0.9232217669487,0.048819661140441895
592,100,5.902002458924963,1.1108575,1.025792152582447,0.09198759534617107,0.9775180590924681,0.011841773986816406,0.011841773986816406,0.011841773986816406,0.011841773986816406,0.6470052003860474,0.5974595546722412,0.011841773986816406,0.0278627872467041,0.011841773986816406,0.0278627872467041,0.46771785616874695,0.0664604902267456
593,100,0.1705804100829498,1.5002205,0.4290254657953665,2.021044909915666,0.16793280163991087,0.8153856992721558,0.9457433819770813,0.8153856992721558,0.9457433819770813,0.7987491488456726,0.9457433819770813,0.8153856992721558,0.01942300796508789,0.8153856992721558,0.01942300796508789,0.8805645704269409,0.031427979469299316
594,100,4.922585560125402,0.9617077,0.6978393306514035,0.3646454971245272,0.7994792319296561,0.09130823612213135,0.17622745037078857,0.09130823612213135,0.17622745037078857,0.029732465744018555,0.17622745037078857,0.09645867347717285,0.023417115211486816,0.09645867347717285,0.023417115211486816,0.07822561264038086,0.1469709873199463
595,100,-1.301678985073749,1.3219442,0.3859152374693111,1.5763700724262546,0.49637707405406806,0.4436543583869934,0.47520023584365845,0.4436543583869934,0.47520023584365845,0.1458888053894043,0.659243106842041,0.4436543583869934,0.01020205020904541,0.4436543583869934,0.01020205020904541,0.5280641317367554,0.022448837757110596
596,100,6.052673742420369,1.4847573,0.7478020359278746,0.33452494567919455,1.1104847015973014,0.1655416488647461,0.2659456729888916,0.1655416488647461,0.2659456729888916,0.07414472103118896,0.2659456729888916,0.1655416488647461,0.007810354232788086,0.1655416488647461,0.007810354232788086,0.18868696689605713,0.1763908863067627
597,100,-1.134739267967536,1.6291666,0.11957971929633349,2.1328029043946883,0.43988598431252557,0.886781632900238,0.5340456962585449,0.886781632900238,0.5340456962585449,0.18161940574645996,0.6017317771911621,0.886781632900238,0.014318227767944336,0.886781632900238,0.014318227767944336,0.9515782594680786,0.012041807174682617
598,100,6.279386852277044,1.4049983,0.7259055934974417,0.057013457647406174,1.460395851559758,0.11434352397918701,0.05069780349731445,0.11434352397918701,0.05069780349731445,0.041001200675964355,0.05069780349731445,0.21887528896331787,0.09925258159637451,0.21887528896331787,0.09925258159637451,0.6132381558418274,0.3573717474937439
599,100,-1.2326127707689785,1.5055335,0.05892431427471889,2.416789796747446,0.06911795520418895,2.291592597961426,1.6777732372283936,2.291592597961426,1.6777732372283936,0.12927031517028809,0.7366073727607727,2.291592597961426,0.01669919490814209,2.291592597961426,0.01669919490814209,1.722963571548462,0.04539227485656738
600,100,3.2903410867115848,1.579974,0.8054897127692231,0.024714177954442196,1.4038881623406996,0.2108551263809204,0.1270812749862671,0.2108551263809204,0.1270812749862671,0.5805577039718628,0.1270812749862671,0.22676444053649902,0.05614769458770752,0.22676444053649902,0.05614769458770752,0.5194751620292664,0.3301882743835449
601,100,-0.2051701042084122,2.0246944,0.06513027547253802,2.6987924601152997,0.10730879116304148,2.673377513885498,1.8337011337280273,2.673377513885498,1.8337011337280273,0.09546780586242676,0.704490065574646,2.673377513885498,0.06740355491638184,2.673377513885498,0.06740355491638184,1.9085485935211182,0.12480926513671875
602,100,4.180333932559884,1.7285239,0.6668132554061221,0.15511565519771997,1.6369162990465198,0.34543490409851074,0.20422875881195068,0.34543490409851074,0.20422875881195068,0.3545180559158325,0.20422875881195068,0.34543490409851074,0.14323067665100098,0.34543490409851074,0.14323067665100098,0.7164629101753235,0.3307594656944275
603,100,1.767969390742718,1.588141,0.26763730912222905,1.9861339708706969,0.0292255037633824,1.252569317817688,1.1624622344970703,1.252569317817688,1.1624622344970703,0.6464308500289917,1.1624622344970703,1.252569317817688,0.12188446521759033,1.252569317817688,0.12188446521759033,1.2075157165527344,0.11719375848770142
604,100,3.68410729245419,1.3970476,0.5375892678179686,0.1749852160279899,1.163741957242649,0.024991393089294434,0.07584953308105469,0.024991393089294434,0.07584953308105469,0.24732136726379395,0.07584953308105469,0.04028928279876709,0.019575119018554688,0.04028928279876709,0.019575119018554688,0.0221746563911438,0.24940264225006104
605,100,1.2113343294984775,2.2747421,0.5057310499250884,1.759309326442554,0.31273141418842965,0.7681492567062378,0.8602855205535889,0.7681492567062378,0.8602855205535889,0.8051135540008545,0.8602855205535889,0.7681492567062378,0.011944293975830078,0.7681492567062378,0.011944293975830078,0.8142173886299133,0.11272192001342773
606,100,3.516854634296732,1.6478722,0.31756118486580953,0.6175497562282071,0.9378743580065644,0.07586240768432617,0.04434311389923096,0.07586240768432617,0.04434311389923096,0.037072062492370605,0.04434311389923096,0.07586240768432617,0.5243501663208008,0.07586240768432617,0.5243501663208008,0.12949728965759277,0.4392331838607788
607,100,0.140331535226811,2.421413,0.3938649885766088,1.372576964660659,1.0747080763347474,0.39487743377685547,0.28789830207824707,0.39487743377685547,0.28789830207824707,0.3797922134399414,0.8545211553573608,0.39487743377685547,0.1333458423614502,0.39487743377685547,0.1333458423614502,0.5714020729064941,0.09321010112762451
608,100,2.320714536438053,2.034746,0.37441483050379953,0.6055505083188975,1.2910565606660862,0.2025691270828247,0.296328067779541,0.2025691270828247,0.296328067779541,0.0009450912475585938,0.296328067779541,0.2025691270828247,0.5761618614196777,0.2025691270828247,0.5761618614196777,0.31033414602279663,0.4713277816772461
609,100,0.814009090752299,2.2612479,0.3523267478237244,1.421717529892409,0.8360411031907775,0.3576420545578003,0.3610180616378784,0.3576420545578003,0.3610180616378784,0.2258772850036621,0.7651660442352295,0.3576420545578003,0.0022881031036376953,0.3576420545578003,0.0022881031036376953,0.5490744113922119,0.0527268648147583
610,100,1.8795770542167851,1.9448438,0.44061745467669367,0.2715508682314063,1.5422712842008912,0.19339418411254883,0.20660161972045898,0.19339418411254883,0.20660161972045898,0.11914026737213135,0.20660161972045898,0.19339418411254883,0.016666173934936523,0.19339418411254883,0.016666173934936523,0.16801893711090088,0.1542140245437622
611,100,0.2603782098948021,2.2314105,0.5179382973059345,1.2689060564840986,0.5873272023275753,0.39720451831817627,0.4451875686645508,0.39720451831817627,0.4451875686645508,0.18163251876831055,0.49494338035583496,0.39720451831817627,0.04045391082763672,0.39720451831817627,0.04045391082763672,0.4132532477378845,0.03307318687438965
612,100,2.106202367987671,1.8221326,0.36962723596936886,0.46279837576435634,1.2750422698333597,0.03125953674316406,0.2165219783782959,0.03125953674316406,0.2165219783782959,0.11202311515808105,0.2165219783782959,0.03125953674316406,0.33040761947631836,0.03125953674316406,0.33040761947631836,0.13339579105377197,0.2546898126602173
613,100,-0.0608613969308004,2.2108583,0.4123637261944486,1.025871904960536,0.8657907809793334,0.29279041290283203,0.2861795425415039,0.29279041290283203,0.2861795425415039,0.2561832666397095,0.4918249845504761,0.29279041290283203,0.017225980758666992,0.29279041290283203,0.017225980758666992,0.382737398147583,0.0539168119430542
614,100,4.318584256868682,1.9407521,0.47374311859537,0.30850154328515256,1.253134672328369,0.17538106441497803,0.2205049991607666,0.17538106441497803,0.2205049991607666,0.028565526008605957,0.2205049991607666,0.2139124870300293,0.033849239349365234,0.2139124870300293,0.033849239349365234,0.16915059089660645,0.1609085202217102
615,100,-0.271319334272907,2.213306,0.35440244156982503,1.137788342868851,0.715195588882744,0.311930775642395,0.3093467950820923,0.311930775642395,0.3093467950820923,0.10684084892272949,0.38059067726135254,0.311930775642395,0.002195119857788086,0.311930775642395,0.002195119857788086,0.34866946935653687,0.01822662353515625
616,100,5.446577152306026,1.529279,0.4535574581973333,0.15494851706568746,0.9830492440726336,3.337860107421875e-06,0.3315436840057373,3.337860107421875e-06,0.3315436840057373,0.5545847415924072,0.3315436840057373,0.030826807022094727,0.004973649978637695,0.030826807022094727,0.004973649978637695,0.17343437671661377,0.2816120386123657
617,100,0.5646965200289904,2.812568,0.4437338861915263,1.7680113381254912,0.45756665598025004,0.8395577669143677,0.8117952346801758,0.8395577669143677,0.8117952346801758,0.1836411952972412,0.7845783233642578,0.8395577669143677,0.01848435401916504,0.8395577669143677,0.01848435401916504,0.8240322470664978,0.015132308006286621
618,100,5.888597178879962,1.562126,0.38121840661180406,0.0034409773718449,1.0635728728909464,0.1402221918106079,0.5126715898513794,0.1402221918106079,0.5126715898513794,0.17944109439849854,0.5126715898513794,0.31569695472717285,0.019875407218933105,0.31569695472717285,0.019875407218933105,0.5450804233551025,0.34680068492889404
619,100,0.9892723922860348,2.762062,0.3559017398449047,2.1044266421181432,0.09784251671041266,1.5106528997421265,1.7620275020599365,1.5106528997421265,1.7620275020599365,1.3745462894439697,1.7620275020599365,1.5106528997421265,0.03163599967956543,1.5106528997421265,0.03163599967956543,1.6363401412963867,0.04865074157714844
620,100,5.177778801620874,0.99692446,0.12094086214029509,0.18708201101581035,0.6846150659805619,0.06309294700622559,0.23182278871536255,0.06309294700622559,0.23182278871536255,0.09298151731491089,0.23182278871536255,0.08687663078308105,0.7322501540184021,0.08687663078308105,0.7322501540184021,0.09422531723976135,0.7077358365058899
621,100,1.0116893106013074,2.8710835,0.41346725094359416,1.7126660999742769,0.597590951178594,0.7690365314483643,0.7574882507324219,0.7690365314483643,0.7574882507324219,0.49790525436401367,1.1548113822937012,0.7690365314483643,0.12509632110595703,0.7690365314483643,0.12509632110595703,0.8805216550827026,0.09127724170684814
622,100,4.085075584798783,1.913891,0.22457386280611624,0.19075908803755492,1.1274824250374256,0.4143010377883911,1.3008861541748047,0.4143010377883911,1.3008861541748047,0.2265925407409668,1.3008861541748047,0.4143010377883911,0.07037138938903809,0.4143010377883911,0.07037138938903809,0.39230072498321533,0.3054535984992981
623,100,1.3834515681207225,2.6177716,0.45616299917607783,1.3866461738688018,0.5076554044825108,0.6354799270629883,0.7113649845123291,0.6354799270629883,0.7113649845123291,0.12856483459472656,1.6995601654052734,0.6354799270629883,0.06166863441467285,0.6354799270629883,0.06166863441467285,0.9683132171630859,0.07610452175140381
624,100,4.679638543295927,1.7443868,0.1190527748201311,0.29494047564329573,0.9120928712726868,0.09531104564666748,0.18868422508239746,0.09531104564666748,0.18868422508239746,0.2733880281448364,0.18868422508239746,0.09531104564666748,0.7976702451705933,0.09531104564666748,0.7976702451705933,0.15554708242416382,0.7183064222335815
625,100,-1.095993415497733,2.8630023,0.3964244410574842,1.3401623837060948,0.5429155320261969,0.7373521327972412,0.6052427291870117,0.7373521327972412,0.6052427291870117,0.5290803909301758,1.309370756149292,0.7373521327972412,0.1697232723236084,0.7373521327972412,0.1697232723236084,0.9239444136619568,0.10510659217834473
626,100,2.9536813836961953,1.5939573,0.02505251491295124,0.31832621978832676,0.703253831087109,0.018277883529663086,0.06895303726196289,0.018277883529663086,0.06895303726196289,0.3237496614456177,0.06895303726196289,0.03333234786987305,0.983697772026062,0.03333234786987305,0.983697772026062,0.13826388120651245,0.8335518836975098
627,100,-2.102807462322092,2.8449545,0.34455876819200526,1.273742629183117,0.7604774074481735,0.5286929607391357,0.5492689609527588,0.5286929607391357,0.5492689609527588,0.2920401096343994,1.2498149871826172,0.5286929607391357,0.035315513610839844,0.5286929607391357,0.035315513610839844,1.1329939365386963,0.10602927207946777
628,100,3.2798091072744304,1.7552024,0.1786268965894824,0.32124684256888725,1.2066825617783254,0.1713719367980957,0.18979179859161377,0.1713719367980957,0.18979179859161377,0.6974612474441528,0.18979179859161377,0.1713719367980957,0.644394040107727,0.1713719367980957,0.644394040107727,0.09897738695144653,0.7515221834182739
629,100,-1.2045495292255617,1.8432332,0.05376154907636632,1.6721273185845296,0.34285539171027957,3.559786319732666,2.4680960178375244,3.559786319732666,2.4680960178375244,0.8040479421615601,0.3242199420928955,3.559786319732666,0.4514349699020386,3.559786319732666,0.4514349699020386,2.5032756328582764,0.5914188623428345
630,100,2.5060119087506907,1.5519533,0.3546424165009632,0.573916783357916,1.107790039589827,0.3848308324813843,0.09328734874725342,0.3848308324813843,0.09328734874725342,0.6293892860412598,0.09328734874725342,0.5994135737419128,0.2840614318847656,0.5994135737419128,0.2840614318847656,0.33230623602867126,0.515628457069397
631,100,0.4788866389318074,1.7516087,0.06300949835285696,1.594716701157314,0.8552604942899386,3.2577786445617676,2.6655354499816895,3.2577786445617676,2.6655354499816895,1.1051808595657349,0.014845132827758789,3.2577786445617676,0.2675853967666626,3.2577786445617676,0.2675853967666626,1.832919716835022,0.591913104057312
632,100,1.8676408142944856,1.5766451,0.15092051383811989,0.4774141925230264,0.9774769837760026,0.6152353882789612,0.1177818775177002,0.6152353882789612,0.1177818775177002,0.825556755065918,0.1177818775177002,0.6152353882789612,0.5214848518371582,0.6152353882789612,0.5214848518371582,0.40950271487236023,0.6116411685943604
633,100,1.0139676741196628,1.8883057,0.2921704304279741,1.0396402078037408,0.3447239875947077,1.780173659324646,2.0790014266967773,1.780173659324646,2.0790014266967773,0.36864757537841797,0.49286675453186035,1.780173659324646,0.02952122688293457,1.780173659324646,0.02952122688293457,1.0851809978485107,0.2173389196395874
634,100,2.4920324355804535,2.0068521,0.22585280213978665,0.055830450453299596,0.8548354964792934,0.2622199058532715,0.5661188364028931,0.2622199058532715,0.5661188364028931,0.24725472927093506,0.5661188364028931,0.2622199058532715,0.07252728939056396,0.2622199058532715,0.07252728939056396,0.28182995319366455,0.1141464114189148
635,100,0.792141280126613,2.1315486,0.2921399579885897,0.5744808373774348,0.22853052442656563,0.5017398595809937,0.6332844495773315,0.5017398595809937,0.6332844495773315,0.5135704278945923,0.6332844495773315,0.5017398595809937,0.07232141494750977,0.5017398595809937,0.07232141494750977,0.5675121545791626,0.0798792839050293
636,100,3.2990643966072875,1.9171121,0.23606891328424084,0.09724281979180704,0.40932627526652776,0.15245211124420166,1.444237232208252,0.15245211124420166,1.444237232208252,0.2258697748184204,1.444237232208252,0.3111165761947632,0.2928675413131714,0.3111165761947632,0.2928675413131714,0.4224199056625366,0.34642666578292847
637,100,0.3980467143083507,2.315066,0.3219328106115361,0.6395527141815199,0.34029603831444444,0.7057201862335205,0.7329529523849487,0.7057201862335205,0.7329529523849487,0.5923610925674438,1.4666038751602173,0.7057201862335205,0.09546566009521484,0.7057201862335205,0.09546566009521484,0.9584336280822754,0.08994901180267334
638,100,2.9582772821869088,1.6434746,0.028509069016503963,0.021328923654105436,0.5250602361979761,0.0909188985824585,0.736850917339325,0.0909188985824585,0.736850917339325,0.2726031541824341,0.736850917339325,0.16647446155548096,0.08576309680938721,0.16647446155548096,0.08576309680938721,0.13912415504455566,0.25935274362564087
639,100,0.5276684038085747,2.2515416,0.20859103482152586,0.582231640060435,0.1945082728600589,0.6686148643493652,0.7048559188842773,0.6686148643493652,0.7048559188842773,0.740730881690979,0.7048559188842773,0.6686148643493652,0.13234162330627441,0.6686148643493652,0.13234162330627441,0.6867353916168213,0.13585031032562256
640,100,3.4235078366762735,2.0122087,0.08457011293581529,0.06364766083965012,0.6068551580892086,0.26368606090545654,0.4921696186065674,0.26368606090545654,0.4921696186065674,0.2229369878768921,0.4921696186065674,0.26368606090545654,0.049333930015563965,0.26368606090545654,0.049333930015563965,0.2633245587348938,0.1940024495124817
641,100,1.9717284197458025,2.4130728,0.19060328766652412,0.6213643917513055,0.06760816608917297,0.7576613426208496,0.8168748617172241,0.7576613426208496,0.8168748617172241,0.7975707054138184,0.8168748617172241,0.7576613426208496,0.04949331283569336,0.7576613426208496,0.04949331283569336,0.7872681021690369,0.04274415969848633
642,100,2.342384843517651,1.8750219,0.11268435940274435,0.001257465992289264,0.42680325819326664,0.24380862712860107,0.674936056137085,0.24380862712860107,0.674936056137085,0.257257342338562,0.674936056137085,0.34377098083496094,0.054381489753723145,0.34377098083496094,0.054381489753723145,0.39404505491256714,0.0590287446975708
643,100,0.4465543427235885,2.1971238,0.09407815040182022,0.4889754915539548,0.06551795082864431,0.5614043474197388,0.6313515901565552,0.5614043474197388,0.6313515901565552,0.5560848712921143,0.6313515901565552,0.5614043474197388,0.07280564308166504,0.5614043474197388,0.07280564308166504,0.596377968788147,0.06146836280822754
644,100,2.7912211455528233,1.9611682,0.05484267503432794,0.21657846962770672,0.3014827967714198,0.23829233646392822,1.1084924936294556,0.23829233646392822,1.1084924936294556,0.3553762435913086,1.1084924936294556,0.23829233646392822,0.2779897451400757,0.23829233646392822,0.2779897451400757,0.513134241104126,0.20989936590194702
645,100,-1.6489075886944025,2.0871587,0.17484466372461072,0.3135846330755458,0.2683866651363897,0.46775639057159424,0.45070433616638184,0.46775639057159424,0.45070433616638184,0.8406507968902588,1.0707895755767822,0.46775639057159424,0.031969547271728516,0.46775639057159424,0.031969547271728516,0.7355314493179321,0.12177640199661255
646,100,2.5455427915225033,1.580506,0.016032794567266362,0.13003972936997743,0.2933302023784097,0.2079218626022339,0.5091907978057861,0.2079218626022339,0.5091907978057861,0.15302550792694092,0.5091907978057861,0.2957271337509155,0.31550073623657227,0.2957271337509155,0.31550073623657227,0.35556238889694214,0.2665221095085144
647,100,-0.8562184510389284,1.7320275,0.07042390375663804,0.39012212171203337,0.038624404907175114,0.7877845168113708,0.495175838470459,0.7877845168113708,0.495175838470459,0.29944753646850586,0.495175838470459,0.7877845168113708,0.10344386100769043,0.7877845168113708,0.10344386100769043,0.6414802074432373,0.05797135829925537
648,100,0.5068592942154215,1.0716938,0.05013291665778541,0.7256318964704206,0.28771479325401006,1.1821290254592896,0.674911618232727,1.1821290254592896,0.674911618232727,1.1095741987228394,0.04669642448425293,0.2816847562789917,0.18527686595916748,0.2816847562789917,0.18527686595916748,0.19300007820129395,0.533039391040802
649,100,-1.58538869229407,1.7436322,0.18302367435595368,0.4482388728365454,0.5024693441606052,0.8167694807052612,0.3686894178390503,0.8167694807052612,0.3686894178390503,0.32841455936431885,0.3686894178390503,0.5369759798049927,0.09386837482452393,0.5369759798049927,0.09386837482452393,0.5149957537651062,0.5737244486808777
650,100,0.1187212168564995,1.4802346,0.279744772054895,0.6664871982590025,0.3255395112988051,1.172658920288086,0.3200211524963379,1.172658920288086,0.3200211524963379,1.0476927757263184,0.14384818077087402,0.20865726470947266,0.0943448543548584,0.20865726470947266,0.0943448543548584,0.17914140224456787,0.37870749831199646
651,100,-1.5422791007818613,0.88441586,0.10471660104865033,0.16147859320300573,0.3826468234235274,0.7303123474121094,0.3739386796951294,0.7303123474121094,0.3739386796951294,0.5620770454406738,0.3739386796951294,0.32364070415496826,0.3030664920806885,0.32364070415496826,0.3030664920806885,0.21886584162712097,0.20724332332611084
652,100,0.0678757452175268,0.6656136,0.10118289330903829,0.8221487294165644,0.06217367575852728,1.216369390487671,0.5208423733711243,1.216369390487671,0.5208423733711243,1.208545207977295,0.5208423733711243,0.5264007449150085,0.15479356050491333,0.5264007449150085,0.15479356050491333,0.5236215591430664,0.16329680383205414
653,100,-0.9905414088883284,0.6764257,0.0796470787516983,0.49118505523274436,0.5138939116470181,0.8825844526290894,0.4108468294143677,0.8825844526290894,0.4108468294143677,0.8330084085464478,0.4108468294143677,0.3919488191604614,0.08688974380493164,0.3919488191604614,0.08688974380493164,0.3630766272544861,0.06092095375061035
654,100,0.7243867343242836,0.3834206,0.09282716617141751,1.0185248035284657,0.1684400145079672,1.5011826753616333,0.6045359373092651,1.5011826753616333,0.6045359373092651,1.4758957624435425,0.5678154826164246,0.6118136644363403,0.008016347885131836,0.6118136644363403,0.008016347885131836,0.5937445759773254,0.02160726487636566
655,100,-2.468655028732365,0.5336302,0.11312507019983131,0.3357356051655159,0.5157088865093964,0.7932711243629456,0.48562902212142944,0.7932711243629456,0.48562902212142944,0.772534191608429,0.48562902212142944,0.3920990824699402,0.1360580325126648,0.3920990824699402,0.1360580325126648,0.38008010387420654,0.12548023462295532
656,100,1.861676412814797,0.9926124,0.046935698049482166,0.4741399710889125,0.19337474123360354,0.6681240200996399,0.18531757593154907,0.6681240200996399,0.18531757593154907,0.7619298100471497,0.16255849599838257,0.2924543023109436,0.1479535698890686,0.2924543023109436,0.1479535698890686,0.2826980948448181,0.16086208820343018
657,100,-2.486363198096397,0.8978215,0.02486140754624344,0.19774228585339915,0.35691639878290987,0.7056934237480164,0.2297486662864685,0.7056934237480164,0.2297486662864685,0.45377057790756226,0.2297486662864685,0.27699345350265503,0.3067471385002136,0.27699345350265503,0.3067471385002136,0.14102736115455627,0.17338287830352783
658,100,1.205173995951335,0.7003136,0.08842477922510256,0.81799681634479,0.022116959690279936,1.3716413974761963,0.5809981226921082,1.3716413974761963,0.5809981226921082,1.5927534103393555,0.5809981226921082,0.461664617061615,0.11946839094161987,0.461664617061615,0.11946839094161987,0.5213313698768616,0.22496530413627625
659,100,-1.0984430999721493,0.96732473,0.03543179469419905,0.11614756803332332,0.5899496169639207,1.2184066772460938,0.025261998176574707,1.2184066772460938,0.025261998176574707,0.7838560342788696,0.025261998176574707,0.5544571876525879,0.23386847972869873,0.5544571876525879,0.23386847972869873,0.3146781325340271,0.2931443452835083
660,100,0.5075667915110771,0.62847435,0.009730417678241565,1.2326087055542216,0.0943017796808504,2.069162368774414,0.9935792684555054,2.069162368774414,0.9935792684555054,1.9051052331924438,0.6291152238845825,0.899553656578064,0.01618868112564087,0.899553656578064,0.01618868112564087,0.7465808987617493,0.16021759808063507
661,100,-1.8508643840701369,0.9450326,0.022446349468018045,0.08512631816552674,0.5749060822413959,1.1702969074249268,0.24009251594543457,1.1702969074249268,0.24009251594543457,0.9612984657287598,0.24009251594543457,0.5620944499969482,0.20236265659332275,0.5620944499969482,0.20236265659332275,0.3302110433578491,0.21322739124298096
662,100,-1.4630748204998467,0.69860965,0.10372428982950621,1.053613848043317,0.045973269009636275,1.7532596588134766,0.573586642742157,1.7532596588134766,0.573586642742157,1.7326064109802246,0.573586642742157,0.526771605014801,0.2894740104675293,0.526771605014801,0.2894740104675293,0.550179123878479,0.2973964214324951
663,100,-0.4176425897275615,0.7185109,0.2031290105374406,0.22477282296955797,0.3561365614898018,0.5694149136543274,0.3493620753288269,0.5694149136543274,0.3493620753288269,0.3825530409812927,0.3493620753288269,0.2383325695991516,0.314309298992157,0.2383325695991516,0.314309298992157,0.14619773626327515,0.22875797748565674
664,100,-3.1257357772828422,0.3613512,0.0074261722516562045,1.0693465120757568,0.12290753479214833,1.695725679397583,0.7642655968666077,1.695725679397583,0.7642655968666077,1.548382043838501,0.6068696975708008,0.6857616305351257,0.011710494756698608,0.6857616305351257,0.011710494756698608,0.5948797464370728,0.05178871750831604
665,100,-1.7398856839845016,0.14391872,0.0028001669141435315,0.8844949686803766,0.4167876290445476,0.784663200378418,0.3977051079273224,0.784663200378418,0.3977051079273224,1.5316252708435059,0.7328813076019287,0.32908883690834045,0.05943489074707031,0.32908883690834045,0.05943489074707031,0.5032167434692383,0.13398656249046326
666,100,-4.964272988608197,0.1118495,0.10092593742297673,0.8277626405262046,0.348847656341148,0.0489458292722702,0.33894896507263184,0.0489458292722702,0.33894896507263184,0.6580566167831421,0.5549613833427429,0.0489458292722702,0.14989294111728668,0.0489458292722702,0.14989294111728668,0.1986081302165985,0.21998199820518494
667,100,-2.0472673007198714,-0.3662913,0.3326117474700985,1.210155383635735,0.274633704732681,1.8839976787567139,0.9771990776062012,1.8839976787567139,0.9771990776062012,2.2021450996398926,0.9771990776062012,0.5858328938484192,0.045056283473968506,0.5858328938484192,0.045056283473968506,0.7815159559249878,0.12932652235031128
668,100,-6.375050348513838,-0.41570064,0.5468269487350053,0.7236212482259852,0.6262728102454,0.10866853594779968,0.5067042112350464,0.10866853594779968,0.5067042112350464,0.9908267259597778,1.2939412593841553,0.10866853594779968,0.18390962481498718,0.10866853594779968,0.18390962481498718,0.3204273581504822,0.34230655431747437
669,100,-0.7832055870875485,-1.5500814,0.6069163384101643,1.674222872480494,0.6052257531287335,2.8691656589508057,1.2325750589370728,2.8691656589508057,1.2325750589370728,3.4887146949768066,1.2325750589370728,0.5533202886581421,0.2499711513519287,0.5533202886581421,0.2499711513519287,0.8929476737976074,0.4372063875198364
670,100,-6.454489384895155,-0.6278833,0.8583317061764575,0.5880860865013706,0.6526731569832028,0.8854974508285522,0.22508350014686584,0.8854974508285522,0.22508350014686584,1.9007817506790161,1.657208800315857,0.22508350014686584,0.006016194820404053,0.22508350014686584,0.006016194820404053,0.39448243379592896,0.16383880376815796
671,100,-2.001328084988563,-1.4765689,0.3685605366045408,1.6937249890445414,0.7094455043548442,3.364871025085449,0.9009212255477905,3.364871025085449,0.9009212255477905,4.019007205963135,2.316209077835083,0.6085182428359985,0.14994359016418457,0.6085182428359985,0.14994359016418457,1.2978942394256592,0.283697247505188
672,100,-5.460296481142801,-1.5545483,1.1296099914602706,0.5181757819061121,1.0914520556779252,2.079322338104248,0.5815805792808533,2.079322338104248,0.5815805792808533,2.875950336456299,2.4229354858398438,0.5815805792808533,0.04017078876495361,0.5815805792808533,0.04017078876495361,1.2309887409210205,0.4899505078792572
673,100,-2.9981487728597145,-1.8480381,0.5976666461202695,1.9988181202438788,0.41673561067182785,4.010290145874023,1.8568116426467896,4.010290145874023,1.8568116426467896,4.306897163391113,1.8568116426467896,0.9749584794044495,0.14868450164794922,0.9749584794044495,0.14868450164794922,1.415885090827942,0.32644879817962646
674,100,-5.090643293450568,-1.8487519,1.0891473152741944,0.983702774246022,1.057747358091406,1.9558411836624146,0.6854684352874756,1.9558411836624146,0.6854684352874756,3.2355573177337646,2.95310640335083,0.6854684352874756,0.14428722858428955,0.6854684352874756,0.14428722858428955,1.1103520393371582,0.6584779620170593
675,100,-1.894077706001477,-1.5775197,0.460661215291605,1.831753565734604,0.5504319210283943,2.780498504638672,0.8825451731681824,2.780498504638672,0.8825451731681824,3.8355824947357178,2.1946983337402344,0.34275341033935547,0.06870388984680176,0.34275341033935547,0.06870388984680176,0.7843164801597595,0.12014293670654297
676,100,-5.434823824017591,-2.0935323,0.8250387658163447,1.2245467976503763,1.211158919426584,0.05347800254821777,0.35635948181152344,0.05347800254821777,0.35635948181152344,3.067462682723999,2.984032392501831,0.05347800254821777,0.11905384063720703,0.05347800254821777,0.11905384063720703,0.6736797094345093,0.4206889271736145
677,100,-2.181274597908224,-2.742671,0.5963641073509947,1.8549275191379166,1.3773082070007818,2.706486225128174,0.8331485986709595,2.706486225128174,0.8331485986709595,5.193369388580322,4.319197177886963,0.35160040855407715,0.2636222839355469,0.35160040855407715,0.2636222839355469,1.9339970350265503,0.5939030051231384
678,100,-5.672826278534062,-3.043685,1.1867528681697712,1.0892601380207898,1.9008067625725191,3.1766812801361084,4.879062652587891,3.1766812801361084,4.879062652587891,4.621328353881836,4.879062652587891,0.8332061767578125,0.10185837745666504,0.8332061767578125,0.10185837745666504,1.7118184566497803,0.25018763542175293
679,100,-2.3866718675176215,-3.038088,0.638439419548126,2.3998156618262896,0.9749705192098503,4.687205791473389,1.3417319059371948,4.687205791473389,1.3417319059371948,5.531400680541992,4.110537528991699,0.6524600982666016,0.21446824073791504,0.6524600982666016,0.21446824073791504,1.7068641185760498,0.4432845115661621
680,100,-2.0929790051017103,-2.2287815,1.0892388526145433,0.8772825143488818,1.2177636715618712,1.8588157892227173,3.1662521362304688,1.8588157892227173,3.1662521362304688,3.6345715522766113,3.1662521362304688,0.3356027603149414,0.09170699119567871,0.3356027603149414,0.09170699119567871,0.7576175928115845,0.34604334831237793
681,100,-4.357678998419379,-2.9512286,0.7644728155121769,1.8908647288315483,1.0858351799733041,3.574406147003174,0.9088399410247803,3.574406147003174,0.9088399410247803,4.856949806213379,3.8220503330230713,0.3931705951690674,0.2560274600982666,0.3931705951690674,0.2560274600982666,1.334713339805603,0.48888444900512695
682,100,-1.0378891577496887,-2.7616782,0.4350087208692557,1.2292846882927049,1.8133930706793502,3.8239893913269043,3.595027446746826,3.8239893913269043,3.595027446746826,4.57059383392334,3.595027446746826,0.8078280687332153,0.17050623893737793,0.8078280687332153,0.17050623893737793,1.6363091468811035,0.27063632011413574
683,100,-3.89478648054764,-2.9808218,0.9039817519255524,1.3631519629552802,1.400135546500228,0.9672892093658447,3.897134304046631,0.9672892093658447,3.897134304046631,2.4137091636657715,3.897134304046631,0.771763801574707,0.3622570037841797,0.771763801574707,0.3622570037841797,1.4293842315673828,0.6019686460494995
684,100,-1.7130355798632162,-3.104823,0.3959489774048537,2.191707557598545,1.1139723844186133,4.818645000457764,1.229567527770996,4.818645000457764,1.229567527770996,5.9973578453063965,4.164917945861816,0.7833795547485352,0.13403773307800293,0.7833795547485352,0.13403773307800293,2.203613042831421,0.4210435152053833
685,100,-2.5154313332595493,-3.7247403,0.7211910926215221,1.0800790038100638,2.4655008630833466,5.4346418380737305,5.59089469909668,5.4346418380737305,5.59089469909668,5.856789588928223,5.59089469909668,2.4193220138549805,0.23148608207702637,2.4193220138549805,0.23148608207702637,3.107015609741211,0.37632250785827637
686,100,-0.3549526533217326,-2.1675828,0.3338801470133914,1.7359093927931921,0.6527222547267286,3.8123488426208496,1.6878688335418701,3.8123488426208496,1.6878688335418701,4.317333698272705,3.01365327835083,0.862128734588623,0.2223736047744751,0.862128734588623,0.2223736047744751,1.4861928224563599,0.3589015603065491
687,100,-3.1836312981175987,-2.4688075,0.4781438718034643,0.9026631713425584,1.6125872426016628,3.410893201828003,3.730414628982544,3.410893201828003,3.730414628982544,4.29133939743042,3.730414628982544,1.0288410186767578,0.17268800735473633,1.0288410186767578,0.17268800735473633,1.7855746746063232,0.32481253147125244
688,100,-0.463897380519009,-3.0103488,0.16787747466533487,1.76665460349051,1.3669358963127598,4.811843395233154,2.9960176944732666,4.811843395233154,2.9960176944732666,5.301416397094727,4.72297477722168,2.6730456352233887,0.13955283164978027,2.6730456352233887,0.13955283164978027,3.6967172622680664,1.68397855758667
689,100,-3.4827899304086394,-3.0415041,0.7388974984090044,0.7788131057582413,1.7673794767656126,4.300299644470215,4.269020080566406,4.300299644470215,4.269020080566406,4.458393096923828,4.269020080566406,2.3090105056762695,0.6394755840301514,2.3090105056762695,0.6394755840301514,2.5157179832458496,0.7803035974502563
690,100,-0.0322272035262072,-2.09321,0.1263596622394938,1.8995449656166166,0.28297244375923647,4.324049949645996,3.551201105117798,4.324049949645996,3.551201105117798,4.360154151916504,3.763522148132324,3.409071207046509,0.24394679069519043,3.409071207046509,0.24394679069519043,3.5444045066833496,0.5386213064193726
691,100,-2.959711779840137,-3.156056,0.8438148500327391,0.58642279082762,1.8630292812215095,4.31678581237793,4.633584976196289,4.31678581237793,4.633584976196289,4.637750625610352,4.633584976196289,2.4736015796661377,0.09802842140197754,2.4736015796661377,0.09802842140197754,3.4027442932128906,0.42944931983947754
692,100,-0.1100912100413417,-2.5663576,0.11890796001014836,2.053585130350082,0.40015255588129195,4.668212890625,3.51877498626709,4.668212890625,3.51877498626709,4.675432205200195,3.969426155090332,3.5046563148498535,0.01151132583618164,3.5046563148498535,0.01151132583618164,3.733682632446289,0.22845911979675293
693,100,-2.2333220261694726,-3.1112306,0.6139298104056987,0.6022018309029726,1.826170956811954,4.832342147827148,4.058692455291748,4.832342147827148,4.058692455291748,4.398913860321045,4.058692455291748,2.294391632080078,0.005333662033081055,2.294391632080078,0.005333662033081055,3.1598830223083496,0.2317889928817749
694,100,0.3611824947705508,-1.9323933,0.011487359673911568,1.7324914054567466,0.08226373609910698,3.9714677333831787,2.9606785774230957,3.9714677333831787,2.9606785774230957,3.9763269424438477,2.9883980751037598,2.9228906631469727,0.05357170104980469,2.9228906631469727,0.05357170104980469,2.937384843826294,0.06839883327484131
695,100,-0.5196267887722115,-2.8567872,0.6358524154986913,0.4567641476457269,1.7534989012578102,4.601139068603516,4.422950744628906,4.601139068603516,4.422950744628906,4.299437522888184,4.422950744628906,3.7610154151916504,0.07574152946472168,3.7610154151916504,0.07574152946472168,4.07388973236084,0.6800796985626221
696,100,-0.5632329661264432,-0.89586216,0.205125898622053,1.1219049773956695,0.0833472371408619,2.800734043121338,1.976043701171875,2.800734043121338,1.976043701171875,2.812852621078491,1.976043701171875,2.0589168071746826,0.15991687774658203,2.0589168071746826,0.15991687774658203,2.0174803733825684,0.12070810794830322
697,100,-0.5334774238698707,-0.77597845,0.009568449545050095,0.23602414202853983,0.8695257788594439,2.350358009338379,1.9465125799179077,2.350358009338379,1.9465125799179077,2.2957286834716797,1.9465125799179077,1.9516276121139526,0.4124077558517456,1.9516276121139526,0.4124077558517456,1.8697052001953125,0.26944446563720703
698,100,1.9325276997590144,1.1365627,0.26468678827547953,0.11110512104487102,0.7827839880439218,0.26249855756759644,0.28743839263916016,0.26249855756759644,0.28743839263916016,0.12006139755249023,0.28743839263916016,0.26249855756759644,0.31476283073425293,0.26249855756759644,0.31476283073425293,0.16187629103660583,0.36086779832839966
699,100,-1.1018282457082442,0.30158097,0.11127927400735022,0.06291731368571107,0.2426944278801481,0.5360470414161682,1.0878171920776367,0.5360470414161682,1.0878171920776367,0.7652882933616638,1.0878171920776367,0.5360470414161682,0.5465449094772339,0.5360470414161682,0.5465449094772339,0.6481001377105713,0.6647975444793701
700,100,2.956383187969667,0.71001196,0.6957528697153956,0.026452603797937013,0.13603148025642964,0.7599045634269714,0.7599045634269714,0.7599045634269714,0.7599045634269714,0.9706597328186035,0.389079213142395,0.7599045634269714,0.35686588287353516,0.7599045634269714,0.35686588287353516,0.3941439092159271,0.5014089345932007
701,100,-1.9194557813546385,1.8442461,0.19894436212365374,1.3907572542512439,0.29923641525490563,1.1199543476104736,0.673459529876709,1.1199543476104736,0.673459529876709,0.020951390266418457,0.3592454195022583,1.1199543476104736,0.04052865505218506,1.1199543476104736,0.04052865505218506,0.857948899269104,0.0668608546257019
702,100,3.3593338681857023,1.3050718,0.5151615128996447,0.09228607050152804,1.032022340760864,0.056989431381225586,0.0652700662612915,0.056989431381225586,0.0652700662612915,0.04979705810546875,0.0652700662612915,0.21582293510437012,0.053498029708862305,0.21582293510437012,0.053498029708862305,0.465284138917923,0.17702805995941162
703,100,-1.835976385985418,1.8748975,0.0075951314233628775,1.980412751916297,0.09317201927073859,2.4609572887420654,1.2097053527832031,2.4609572887420654,1.2097053527832031,0.025465726852416992,0.4082162380218506,2.4609572887420654,0.18495440483093262,2.4609572887420654,0.18495440483093262,1.7378193140029907,0.23924696445465088
704,100,3.3981454970676555,1.2334895,0.5024411907592387,0.29064188041176986,1.147610368802375,0.22716009616851807,0.20629358291625977,0.22716009616851807,0.20629358291625977,0.6516603231430054,0.20629358291625977,0.35202598571777344,0.16742348670959473,0.35202598571777344,0.16742348670959473,0.742947518825531,0.39599454402923584
705,100,-1.8739176766763213,1.594903,0.052858360137316485,1.9790094184570808,0.3756132784821218,2.7604870796203613,1.5845636129379272,2.7604870796203613,1.5845636129379272,0.18228435516357422,0.21322917938232422,2.7604870796203613,0.16862726211547852,2.7604870796203613,0.16862726211547852,1.654184103012085,0.30297350883483887
706,100,4.320616127577793,1.0764254,0.4402510211819022,0.3240338216865388,1.1280068108664751,0.17779594659805298,0.2493191957473755,0.17779594659805298,0.2493191957473755,0.7479727864265442,0.2493191957473755,0.18553656339645386,0.18826031684875488,0.18553656339645386,0.18826031684875488,0.4879429042339325,0.40470826625823975
707,100,-1.644489768626449,1.90518,0.08375997038692562,2.2465463701597197,0.26239310262590365,3.1342456340789795,1.8644239902496338,3.1342456340789795,1.8644239902496338,0.2266993522644043,0.5614778995513916,3.1342456340789795,0.06969821453094482,3.1342456340789795,0.06969821453094482,2.0232632160186768,0.08070391416549683
708,100,3.688507233654745,1.0802946,0.5054877029405427,0.23176502904941132,0.9155706281668132,0.02927422523498535,0.2602250576019287,0.02927422523498535,0.2602250576019287,0.022991180419921875,0.2602250576019287,0.032971858978271484,0.06312012672424316,0.032971858978271484,0.06312012672424316,0.2609863877296448,0.2775217890739441
709,100,-0.9207775934778152,1.819068,0.08362274455015428,2.1746342730711623,0.3109352595630488,2.741490125656128,1.686403751373291,2.741490125656128,1.686403751373291,0.016999006271362305,0.4151175022125244,2.741490125656128,0.003882169723510742,2.741490125656128,0.003882169723510742,1.6900845766067505,0.039859771728515625
710,100,2.5877204487196384,1.0177103,0.3500626249002019,0.27890793459419516,1.0936076528683967,0.10933482646942139,0.39271020889282227,0.10933482646942139,0.39271020889282227,0.39083462953567505,0.39271020889282227,0.10933482646942139,0.15283203125,0.10933482646942139,0.15283203125,0.3582972586154938,0.4405539631843567
711,100,-3.1030888977088797,1.869975,0.23129214476345927,2.028664417558468,0.12967519553000528,2.0047075748443604,1.5340758562088013,2.0047075748443604,1.5340758562088013,1.4124679565429688,1.5340758562088013,2.0047075748443604,0.0977095365524292,2.0047075748443604,0.0977095365524292,1.7693917751312256,0.13773977756500244
712,100,0.7888081574797463,1.1032268,0.3790313650972349,0.12369867174844584,0.9826340959103348,0.03529059886932373,0.2003774642944336,0.03529059886932373,0.2003774642944336,0.006903171539306641,0.2003774642944336,0.03529059886932373,0.06731712818145752,0.03529059886932373,0.06731712818145752,0.10395127534866333,0.2651557922363281
713,100,-3.475101016411677,1.0390301,0.40278417900639957,1.534637507403276,0.06147852074034854,1.7379755973815918,0.31569474935531616,1.7379755973815918,0.31569474935531616,0.32762497663497925,0.31569474935531616,1.7379755973815918,0.20117855072021484,1.7379755973815918,0.20117855072021484,1.0268352031707764,0.4520342946052551
714,100,2.365579777232672,0.39829987,0.4234602683419011,0.9959900326822015,1.2893421993786114,1.4514472484588623,0.6961062550544739,1.4514472484588623,0.6961062550544739,1.1277315616607666,0.6961062550544739,1.4514472484588623,0.2177845537662506,1.4514472484588623,0.2177845537662506,1.077520489692688,0.6096448302268982
715,100,-0.813420322402922,-1.6328055,0.8602573688996513,0.4719578929283874,1.0383882731122454,2.547412395477295,2.7087440490722656,2.547412395477295,2.7087440490722656,2.277583599090576,2.7087440490722656,2.174990177154541,0.6777950525283813,2.174990177154541,0.6777950525283813,2.6205997467041016,0.805213451385498
716,100,0.7433764951176061,0.68052554,0.830094456723875,0.5936588560362245,0.6840474962855327,0.5974442958831787,0.5974442958831787,0.5974442958831787,0.5974442958831787,0.27975332736968994,0.19981622695922852,0.5974442958831787,0.23961234092712402,0.5974442958831787,0.23961234092712402,0.8768138885498047,0.22631829977035522
717,100,-0.5358714231477167,1.1545111,0.20842218411849522,1.759786752593476,0.4722305157084232,2.1175246238708496,1.6318507194519043,2.1175246238708496,1.6318507194519043,0.0025228261947631836,0.28521859645843506,2.1175246238708496,0.00915229320526123,2.1175246238708496,0.00915229320526123,1.2321648597717285,0.0710899829864502
718,100,-0.0221220374876428,0.7251769,0.3266429425412437,0.007694755466430614,0.8230279164190348,0.2715785503387451,0.004311323165893555,0.2715785503387451,0.004311323165893555,0.2504708766937256,0.004311323165893555,0.2715785503387451,0.09810853004455566,0.2715785503387451,0.09810853004455566,0.3224811851978302,0.13052374124526978
719,100,-0.2195014371172823,0.5273761,0.20936777351161673,0.6900439927437665,0.12278338303450254,0.28877830505371094,0.14029055833816528,0.28877830505371094,0.14029055833816528,0.047415077686309814,0.14029055833816528,0.28877830505371094,0.09899669885635376,0.28877830505371094,0.09899669885635376,0.2145344316959381,0.12868767976760864
720,100,-1.308825261267667,0.61719227,0.30486328230332255,0.16191682498582038,0.4851946894373887,0.06690263748168945,0.028988897800445557,0.06690263748168945,0.028988897800445557,0.036336421966552734,0.028988897800445557,0.06690263748168945,0.06832742691040039,0.06690263748168945,0.06832742691040039,0.06610468029975891,0.06844592094421387
721,100,0.1518466761602481,0.54781866,0.3054676053219849,0.4889563256778668,0.18970766198850164,0.010593771934509277,0.03512156009674072,0.010593771934509277,0.03512156009674072,0.05074572563171387,0.03512156009674072,0.010593771934509277,0.04727768898010254,0.010593771934509277,0.04727768898010254,0.022857666015625,0.05906739830970764
722,100,-1.9748082018635615,0.28867906,0.09609880841167528,0.3085195275977305,0.36969571127924306,0.00494500994682312,0.28862738609313965,0.00494500994682312,0.28862738609313965,0.2171156406402588,0.28862738609313965,0.00494500994682312,0.20501816272735596,0.00494500994682312,0.20501816272735596,0.06339378654956818,0.24585306644439697
723,100,-1.0855989272150268,-0.1894747,0.31645504490206744,0.19979374055651455,0.24202541301596614,0.05933642387390137,0.05933642387390137,0.05933642387390137,0.05933642387390137,0.13978026807308197,0.4527347683906555,0.05933642387390137,0.452271431684494,0.05933642387390137,0.452271431684494,0.03949296474456787,0.46877843141555786
724,100,-2.441014301516633,-0.21377431,0.13202906094645098,0.5716596893658958,0.07677295483341551,0.13711397349834442,0.43246597051620483,0.13711397349834442,0.43246597051620483,0.5103568434715271,0.43246597051620483,0.13711397349834442,0.2943137288093567,0.13711397349834442,0.2943137288093567,0.2847899794578552,0.46064749360084534
725,100,-3.034980980581145,-1.1477019,0.12939134755738313,0.7114771199364637,0.3938849236259293,1.9451584815979004,1.5561110973358154,1.9451584815979004,1.5561110973358154,1.9415686130523682,1.5207232236862183,1.2893741130828857,0.49568766355514526,1.2893741130828857,0.49568766355514526,1.2619173526763916,0.43860045075416565
726,100,-1.560623377012511,-2.1138983,0.4889064503135958,0.4875438678561621,0.5264236128719402,1.7651625871658325,2.601667881011963,1.7651625871658325,2.601667881011963,2.4465832710266113,2.601667881011963,1.3540982007980347,1.1712267398834229,1.3540982007980347,1.1712267398834229,1.757063627243042,1.6734943389892578
727,100,-3.626899951263973,-2.4848073,0.6101302785152424,0.9238653753938546,0.218927418934725,2.420762300491333,2.6086819171905518,2.420762300491333,2.6086819171905518,2.92258882522583,2.6086819171905518,1.5081360340118408,0.5761685371398926,1.5081360340118408,0.5761685371398926,2.0584089756011963,1.1286041736602783
728,100,0.0276950275022069,-2.779052,0.28881449749072363,1.2619843283776975,0.5269942604056546,3.1482746601104736,2.5991368293762207,3.1482746601104736,2.5991368293762207,3.2669379711151123,3.1075711250305176,2.101861000061035,0.5120494365692139,2.101861000061035,0.5120494365692139,2.4299697875976562,0.9777837991714478
729,100,-2.4388443510684423,-2.458198,0.7280331270647623,0.5017825090790426,0.5562453628213648,2.1542937755584717,1.0700771808624268,2.1542937755584717,1.0700771808624268,2.876847982406616,2.6991279125213623,1.0700771808624268,0.8334053754806519,1.0700771808624268,0.8334053754806519,1.5977243185043335,1.3197026252746582
730,100,1.2041258221392444,-2.3795347,0.19713779536309528,1.3701787169165016,0.37182424423569627,3.2662367820739746,2.4483895301818848,3.2662367820739746,2.4483895301818848,3.3124728202819824,2.752244710922241,2.453162908554077,0.012385368347167969,2.453162908554077,0.012385368347167969,2.603372097015381,0.5237634778022766
731,100,-2.5836931423993734,-1.5631608,0.4015292986152096,0.36752397605438825,0.660784872536807,1.5832475423812866,1.838673710823059,1.5832475423812866,1.838673710823059,1.9918228387832642,1.838673710823059,1.1896499395370483,0.025646686553955078,1.1896499395370483,0.025646686553955078,1.5191295146942139,0.4856491684913635
732,100,2.3691953842067734,-0.43243018,0.5553334366107725,0.5015963791802374,0.28393873345759724,0.4135532081127167,0.4135532081127167,0.4135532081127167,0.4135532081127167,1.0592149496078491,0.6041251420974731,0.4135532081127167,0.011582016944885254,0.4135532081127167,0.011582016944885254,0.5088391900062561,0.3797621726989746
733,100,-0.9587744597383988,-0.1553055,0.1993761763130264,1.2429407256626588,0.23843243956258608,1.0475631952285767,0.23622488975524902,1.0475631952285767,0.23622488975524902,0.22664299607276917,0.2947496175765991,1.0475631952285767,0.4836463928222656,1.0475631952285767,0.4836463928222656,0.6372599005699158,0.538661003112793
734,100,1.711194765194374,-0.19974762,0.6024447839220674,0.44535314313478447,0.48388670530182964,0.4397348165512085,0.4397348165512085,0.4397348165512085,0.4397348165512085,0.4512571096420288,0.24504677951335907,0.4397348165512085,0.41853100061416626,0.4397348165512085,0.41853100061416626,0.648524284362793,0.37667959928512573
735,100,-0.7437023499348057,0.40344673,0.12388404197606828,1.3853040236173217,0.1784665843414277,1.102226972579956,0.8079524636268616,1.102226972579956,0.8079524636268616,0.1442859172821045,0.3199276626110077,1.102226972579956,0.010484576225280762,1.102226972579956,0.010484576225280762,0.7643256187438965,0.01587250828742981
736,100,2.9930717403462905,0.20610763,0.6485678792748715,0.03941431110628768,0.5937127069637331,0.14807158708572388,0.28695088624954224,0.14807158708572388,0.28695088624954224,0.5102980136871338,0.40167224407196045,0.28695088624954224,0.05710996687412262,0.28695088624954224,0.05710996687412262,0.5132816433906555,0.07133128494024277
737,100,-0.4463302272496409,0.22753084,0.15223942850028316,0.9355887079873856,0.04887482189154091,0.480201780796051,0.3635261058807373,0.480201780796051,0.3635261058807373,0.3258109390735626,0.3635261058807373,0.480201780796051,0.02765941619873047,0.480201780796051,0.02765941619873047,0.42186394333839417,0.040076032280921936
738,100,1.9818009394104152,-0.23005955,0.2802746256883816,0.05983481926145828,0.3984581392348017,0.04082919657230377,0.09993413090705872,0.04082919657230377,0.09993413090705872,0.005531191825866699,0.09993413090705872,0.19214917719364166,0.057340070605278015,0.19214917719364166,0.057340070605278015,0.1959512084722519,0.11960219591856003
739,100,0.7526571382166247,0.622536,0.07824549475793585,1.635384032150724,0.025218354262846798,0.9993788003921509,0.9725979566574097,0.9993788003921509,0.9725979566574097,1.2572013139724731,0.9725979566574097,0.9993788003921509,0.03929024934768677,0.9993788003921509,0.03929024934768677,0.9859883785247803,0.050841450691223145
740,100,3.0193016402521913,-0.14930794,0.23300908850922009,0.16262682999045774,0.43991994348281027,0.25275808572769165,0.007769167423248291,0.25275808572769165,0.007769167423248291,0.1956094205379486,0.007769167423248291,0.25275808572769165,0.020300358533859253,0.25275808572769165,0.020300358533859253,0.23021559417247772,0.026783008128404617
741,100,-0.1549412700844016,0.42335224,0.11675901653379528,1.0923699539961271,0.060681007994511926,0.4420408010482788,0.38735347986221313,0.4420408010482788,0.38735347986221313,0.49876049160957336,0.38735347986221313,0.4420408010482788,0.019299209117889404,0.4420408010482788,0.019299209117889404,0.41469714045524597,0.05183330178260803
742,100,3.1836989665401236,-0.15653232,0.1956523213010677,0.2904426741743416,0.29625235622127855,0.027023479342460632,0.022445932030677795,0.027023479342460632,0.022445932030677795,0.023372292518615723,0.022445932030677795,0.06933155655860901,0.17305085062980652,0.06933155655860901,0.17305085062980652,0.08262357115745544,0.1336497962474823
743,100,-0.0390958814668609,0.37813264,0.16106503040776232,1.0304981429654707,0.1076268655763255,0.3834507465362549,0.37624651193618774,0.3834507465362549,0.37624651193618774,0.6415870189666748,0.37624651193618774,0.3834507465362549,0.036507248878479004,0.3834507465362549,0.036507248878479004,0.3798486292362213,0.030359119176864624
744,100,4.01711808447296,-0.15932247,0.09974514826159298,0.22381273456097062,0.4435707014886169,0.20120137929916382,0.15031978487968445,0.20120137929916382,0.15031978487968445,0.03537003695964813,0.15031978487968445,0.22026941180229187,0.2540844678878784,0.22026941180229187,0.2540844678878784,0.21192097663879395,0.26027536392211914
745,100,-0.69196279133069,0.474636,0.1884153149701986,1.1014956111229213,0.09392669683328725,0.5011702179908752,0.4962957203388214,0.5011702179908752,0.4962957203388214,0.5348328351974487,0.4962957203388214,0.5011702179908752,0.0005129873752593994,0.5011702179908752,0.0005129873752593994,0.4987329840660095,0.0014506280422210693
746,100,4.955206346626844,-0.14030056,0.06552291273609867,0.1982723437633711,0.37916501799655955,0.06187233328819275,0.3382384777069092,0.06187233328819275,0.3382384777069092,0.010912090539932251,0.3382384777069092,0.08238805830478668,0.34712493419647217,0.08238805830478668,0.34712493419647217,0.0816495418548584,0.3488538861274719
747,100,0.418918470030701,1.1083839,0.1665297626130462,1.5458454200197846,0.18347795098968778,0.7900645732879639,0.7701797485351562,0.7900645732879639,0.7701797485351562,0.7177623510360718,0.7676772475242615,0.7900645732879639,0.09477043151855469,0.7900645732879639,0.09477043151855469,0.7886707782745361,0.0947643518447876
748,100,4.096636377399068,0.20807415,0.4945533388931165,0.03001955810524648,0.5205581985810876,0.0620763897895813,0.04210421442985535,0.0620763897895813,0.04210421442985535,0.09390753507614136,0.04210421442985535,0.11345234513282776,0.008326530456542969,0.11345234513282776,0.008326530456542969,0.18326517939567566,0.08266733586788177
749,100,-0.0680745622233628,0.8106425,0.19231968717425563,1.4708053438421786,0.015086601677117173,0.646111011505127,0.6264475584030151,0.646111011505127,0.6264475584030151,1.375230312347412,0.6264475584030151,0.646111011505127,0.035208165645599365,0.646111011505127,0.035208165645599365,0.636279284954071,0.025922060012817383
750,100,2.5235882207447418,0.16316727,0.3263356192453517,0.24583418957594638,0.460509995558648,0.08735868334770203,0.03939618170261383,0.08735868334770203,0.03939618170261383,0.17439433932304382,0.03939618170261383,0.08735868334770203,0.01022365689277649,0.08735868334770203,0.01022365689277649,0.12209714949131012,0.11284342408180237
751,100,1.4544793178172382,0.9714946,0.23732641437875035,1.130665172320307,0.19493950135954696,0.4613775610923767,0.45918309688568115,0.4613775610923767,0.45918309688568115,0.8630216121673584,0.45918309688568115,0.4613775610923767,0.022672414779663086,0.4613775610923767,0.022672414779663086,0.46028032898902893,0.01911640167236328
752,100,1.3270704440406065,0.35748246,0.506833765511737,0.2066858867279342,0.5882694647580231,0.20816858112812042,0.3578287661075592,0.20816858112812042,0.3578287661075592,0.2061387449502945,0.3578287661075592,0.20816858112812042,0.0018048882484436035,0.20816858112812042,0.0018048882484436035,0.2980711758136749,0.03681199252605438
753,100,1.1721684403356252,0.8413137,0.2967163197363367,1.0063154381472628,0.21668630259758026,0.3211559057235718,0.3052992820739746,0.3211559057235718,0.3052992820739746,0.29603493213653564,0.3052992820739746,0.3211559057235718,0.0009829998016357422,0.3211559057235718,0.0009829998016357422,0.3132275938987732,0.08370053768157959
754,100,3.157813553623588,0.5073774,0.29069709578765845,0.6376128329085732,0.38123988725654634,0.03446641564369202,0.02940472960472107,0.03446641564369202,0.02940472960472107,0.0042566657066345215,0.09532538056373596,0.11714324355125427,0.1309567093849182,0.11714324355125427,0.1309567093849182,0.14429670572280884,0.17084363102912903
755,100,1.9256553506065428,0.8776318,0.36785843092756165,0.5708414251656878,0.579013656709612,0.07356464862823486,0.21589648723602295,0.07356464862823486,0.21589648723602295,0.18439817428588867,0.21589648723602295,0.07356464862823486,0.09705781936645508,0.07356464862823486,0.09705781936645508,0.1367366909980774,0.06830799579620361
756,100,3.207328906965417,0.60048306,0.5317863696782859,0.475157266117863,0.37142494543618776,0.2129305601119995,0.2129305601119995,0.2129305601119995,0.2129305601119995,0.3067265748977661,0.01963210105895996,0.2129305601119995,0.005132079124450684,0.2129305601119995,0.005132079124450684,0.11628133058547974,0.03871941566467285
757,100,2.0747627252335645,0.817268,0.36220082370532336,0.649118039859427,0.3845193157439788,0.08748316764831543,0.09023082256317139,0.08748316764831543,0.09023082256317139,0.07592761516571045,0.22323596477508545,0.08748316764831543,0.15877258777618408,0.08748316764831543,0.15877258777618408,0.10381975769996643,0.1305820345878601
758,100,2.745701418313329,0.48069277,0.22881701707046243,0.4920786660983903,0.3502357178063634,0.015025615692138672,0.2089763581752777,0.015025615692138672,0.2089763581752777,0.012401103973388672,0.07927295565605164,0.04114031791687012,0.31152579188346863,0.04114031791687012,0.31152579188346863,0.06378695368766785,0.35577061772346497
759,100,0.5548885743192167,1.0348061,0.40741065439297675,0.7512462393851164,0.44005052217272755,0.1252027153968811,0.1661229133605957,0.1252027153968811,0.1661229133605957,0.1534566879272461,0.3602316975593567,0.1252027153968811,0.0947500467300415,0.1252027153968811,0.0947500467300415,0.1891617774963379,0.06967663764953613
760,100,3.1012497869420748,1.1873431,0.3296370104185702,0.6730708663073395,0.5235686452732873,0.04867517948150635,0.1109079122543335,0.04867517948150635,0.1109079122543335,0.11368346214294434,0.1817103624343872,0.11054539680480957,0.2756798267364502,0.11054539680480957,0.2756798267364502,0.17491662502288818,0.2516738176345825
761,100,-0.5618408776272263,1.4982384,0.37195758026131687,0.9514630047085972,0.5583587598401245,0.20491564273834229,0.20265185832977295,0.20491564273834229,0.20265185832977295,0.31917858123779297,0.4606679677963257,0.20491564273834229,0.03016507625579834,0.20491564273834229,0.03016507625579834,0.3032909035682678,0.03369283676147461
762,100,4.975979034421325,0.8002378,0.21309693087863701,0.34355425671354256,0.6787410526679625,0.001529395580291748,0.34212803840637207,0.001529395580291748,0.34212803840637207,0.22563838958740234,0.34212803840637207,0.0064490437507629395,0.5928876399993896,0.0064490437507629395,0.5928876399993896,0.028965234756469727,0.5433260202407837
763,100,-2.039983541581481,1.5485989,0.268816690507931,1.1464485509954774,0.38991946615662776,0.4313923120498657,0.3822166919708252,0.4313923120498657,0.3822166919708252,0.17250847816467285,0.48803234100341797,0.4313923120498657,0.02067852020263672,0.4313923120498657,0.02067852020263672,0.5009217262268066,0.03048074245452881
764,100,4.183858998351336,0.45397565,0.11935639394210407,0.007172812224458647,0.7016145724969629,0.04418262839317322,0.5787420272827148,0.04418262839317322,0.5787420272827148,0.6596341133117676,0.5787420272827148,0.11151054501533508,0.023187756538391113,0.11151054501533508,0.023187756538391113,0.23496240377426147,0.41029584407806396
765,100,-1.6894038637901314,1.493859,0.09647787843680478,1.6095010717863478,0.10063879365978368,1.2170791625976562,0.6941678524017334,1.2170791625976562,0.6941678524017334,0.40543293952941895,0.5984841585159302,1.2170791625976562,0.07278382778167725,1.2170791625976562,0.07278382778167725,1.1084821224212646,0.07272744178771973
766,100,3.140494646849615,0.36490074,0.004828206746746333,0.36192091835400275,0.8659471635517895,0.18003520369529724,0.7876065969467163,0.18003520369529724,0.7876065969467163,0.545117974281311,0.7876065969467163,0.18003520369529724,0.7450574636459351,0.18003520369529724,0.7450574636459351,0.0925038754940033,0.8679440021514893
767,100,-1.390140767348702,1.4618272,0.04698944509131775,2.023233519719843,0.42027356519117354,3.060349941253662,2.188504457473755,3.060349941253662,2.188504457473755,0.30826878547668457,0.3803826570510864,3.060349941253662,0.08235025405883789,3.060349941253662,0.08235025405883789,1.9073421955108643,0.1730259656906128
768,100,3.517911066350042,0.61241835,0.19933658351808048,0.3275046679111281,0.953226447387045,0.21793484687805176,0.4417584538459778,0.21793484687805176,0.4417584538459778,0.5294690728187561,0.4417584538459778,0.21793484687805176,0.5881698727607727,0.21793484687805176,0.5881698727607727,0.11188095808029175,0.6997479796409607
769,100,0.3105425311438137,1.8125888,0.2194730145056636,1.8193839863198726,0.11504601999554032,1.9373489618301392,1.390227198600769,1.9373489618301392,1.390227198600769,1.5090358257293701,1.390227198600769,1.9373489618301392,0.0016248226165771484,1.9373489618301392,0.0016248226165771484,1.663788080215454,0.05565601587295532
770,100,3.336127408120299,0.29426855,0.02275208253221417,0.3966803285341285,0.796790156974313,0.17383605241775513,0.8593419194221497,0.17383605241775513,0.8593419194221497,0.8337481617927551,0.8593419194221497,0.2219214141368866,0.7138341069221497,0.2219214141368866,0.7138341069221497,0.16083785891532898,0.8244219422340393
771,100,0.3730668521646887,1.905966,0.2412617729778348,1.5137853316476253,0.049145008856590566,0.9653677940368652,0.9769212007522583,0.9653677940368652,0.9769212007522583,1.4162657260894775,0.9769212007522583,0.9653677940368652,0.028255224227905273,0.9653677940368652,0.028255224227905273,0.9711444973945618,0.05890530347824097
772,100,3.4120875417364767,0.86112154,0.12073044752849316,0.07094406368550155,0.5554963149949654,0.01650446653366089,0.14024615287780762,0.01650446653366089,0.14024615287780762,0.20941317081451416,0.14024615287780762,0.01650446653366089,0.018315374851226807,0.01650446653366089,0.018315374851226807,0.11038646101951599,0.23458465933799744
773,100,0.4874633759188009,1.9114594,0.24184030367387943,1.3199801569439704,0.2349282491990583,0.8523362874984741,0.8287582397460938,0.8523362874984741,0.8287582397460938,1.444665551185608,0.8287582397460938,0.8523362874984741,9.381771087646484e-05,0.8523362874984741,9.381771087646484e-05,0.8405472636222839,0.03042811155319214
774,100,2.362638165763957,0.87648374,0.011427499814746112,0.11968583732689764,0.6048956234200098,0.07078689336776733,0.22713977098464966,0.07078689336776733,0.22713977098464966,0.1415831446647644,0.22713977098464966,0.07476973533630371,0.6896888613700867,0.07476973533630371,0.6896888613700867,0.09778714179992676,0.6630637049674988
775,100,0.5372176523081758,2.023795,0.2518312147213624,1.362055244865184,0.21795863996154274,1.0365276336669922,1.0345892906188965,1.0365276336669922,1.0345892906188965,1.4063012599945068,1.0345892906188965,1.0365276336669922,0.030142664909362793,1.0365276336669922,0.030142664909362793,1.0355584621429443,0.04134482145309448
776,100,3.4284603508724754,0.56545794,0.11267745155597875,0.06209062537837673,0.4734548257081368,0.1954934000968933,0.3445013165473938,0.1954934000968933,0.3445013165473938,0.5428683757781982,0.3445013165473938,0.1954934000968933,0.05301928520202637,0.1954934000968933,0.05301928520202637,0.4551732838153839,0.33945006132125854
777,100,0.6845171307669988,2.11862,0.25000890204842996,1.0686821928599857,0.33363261702390434,1.2573775053024292,1.2361620664596558,1.2573775053024292,1.2361620664596558,1.1292057037353516,1.3608973026275635,1.2573775053024292,0.09446907043457031,1.2573775053024292,0.09446907043457031,1.305372714996338,0.05062973499298096
778,100,3.1362665973300103,0.4515932,0.3568660072931106,0.03143703873522091,0.3600887450488778,0.06977578997612,0.2994973361492157,0.06977578997612,0.2994973361492157,1.0577281713485718,0.2994973361492157,0.09246829152107239,0.10352596640586853,0.09246829152107239,0.10352596640586853,0.5379480719566345,0.4070371985435486
779,100,0.5837206414589805,1.8877039,0.1688779770841511,1.0591692113128723,0.21105261317284618,1.0224995613098145,1.0627295970916748,1.0224995613098145,1.0627295970916748,0.5920939445495605,1.354402780532837,1.0224995613098145,0.12476015090942383,1.0224995613098145,0.12476015090942383,1.1344467401504517,0.1031789779663086
780,100,3.452213645428328,0.83482563,0.21368253566452716,0.0845677394330297,0.48177341904324755,0.017808914184570312,0.07238006591796875,0.017808914184570312,0.07238006591796875,0.6125545501708984,0.07238006591796875,0.017808914184570312,0.08130568265914917,0.017808914184570312,0.08130568265914917,0.3192020654678345,0.41880759596824646
781,100,1.0475301769704286,2.4867296,0.3276791660134326,1.2821583091521387,0.2912687612025391,1.6098177433013916,1.5385003089904785,1.6098177433013916,1.5385003089904785,1.9705560207366943,1.5385003089904785,1.6098177433013916,0.1016995906829834,1.6098177433013916,0.1016995906829834,1.574159026145935,0.060971617698669434
782,100,3.6146855536200087,0.555406,0.28731131012138633,0.12266091468561541,0.2555006684101732,0.6995676755905151,0.6995676755905151,0.6995676755905151,0.6995676755905151,0.6278339624404907,0.043024539947509766,0.6995676755905151,0.10996150970458984,0.6995676755905151,0.10996150970458984,0.6303417086601257,0.14387810230255127
783,100,0.7201592228261493,1.8139746,0.19170174703539677,0.7908577003045789,0.16409613708629478,0.7453240156173706,0.7286168336868286,0.7453240156173706,0.7286168336868286,0.9181327223777771,0.7286168336868286,0.7453240156173706,0.06184852123260498,0.7453240156173706,0.06184852123260498,0.7369704246520996,0.0680132508277893
784,100,0.937045442007976,0.652463,0.38485245526963485,0.05405752355700094,0.10167155793749579,0.781925618648529,0.781925618648529,0.781925618648529,0.781925618648529,1.192903995513916,0.03697234392166138,0.781925618648529,0.16471606492996216,0.781925618648529,0.16471606492996216,0.9670082330703735,0.1779802292585373
785,100,0.096094334163939,2.9671304,0.20170382359081085,1.652633335851005,0.2960413893191882,2.458930015563965,2.4122743606567383,2.458930015563965,2.4122743606567383,2.4841160774230957,2.488907814025879,2.458930015563965,0.07000303268432617,2.458930015563965,0.07000303268432617,2.4669971466064453,0.056995391845703125
786,100,0.8407904687181414,1.3039227,0.1720521987713492,0.005158849751826455,0.35007096573556795,0.04743397235870361,0.4342128038406372,0.04743397235870361,0.4342128038406372,0.3415029048919678,0.4342128038406372,0.04743397235870361,0.2040696144104004,0.04743397235870361,0.2040696144104004,0.02803701162338257,0.1368720531463623
787,100,-0.7894391147299483,1.6728595,0.26937723714103023,0.21158037297555665,0.31255356596200307,0.04478800296783447,1.023709774017334,0.04478800296783447,1.023709774017334,0.09274077415466309,1.023709774017334,0.02525949478149414,1.0151078701019287,0.02525949478149414,1.0151078701019287,0.02948939800262451,1.0108073949813843
788,100,1.460864402444921,0.7129113,0.058956512445231896,0.3203893937426538,0.16537626227203903,0.5070931315422058,0.025609731674194336,0.5070931315422058,0.025609731674194336,0.4295876622200012,0.09282195568084717,0.0632251501083374,0.09687399864196777,0.0632251501083374,0.09687399864196777,0.09823805093765259,0.05805844068527222
789,100,-1.5668988691612964,1.7772512,0.4717106111155647,0.16619556867661578,0.28025044646767006,0.6587762832641602,0.08487224578857422,0.6587762832641602,0.08487224578857422,0.794506847858429,0.9644514322280884,0.08487224578857422,0.8408920764923096,0.08487224578857422,0.8408920764923096,0.09028244018554688,0.8494181036949158
790,100,-0.9169446641500056,0.2367439,0.033946447253636935,0.7342950793245607,0.10917554256791084,1.5023906230926514,0.6390550136566162,1.5023906230926514,0.6390550136566162,1.5022070407867432,0.5499134063720703,0.37876638770103455,0.07577750086784363,0.37876638770103455,0.07577750086784363,0.3610570728778839,0.07312139868736267
791,100,-0.5502559597891,1.1359184,0.13072903080494533,0.33078615646489284,0.23911303340671794,1.0816031694412231,0.8437968492507935,1.0816031694412231,0.8437968492507935,0.15224885940551758,0.5490459203720093,1.0816031694412231,0.19582390785217285,1.0816031694412231,0.19582390785217285,0.8988655805587769,0.3246266841888428
792,100,-1.06069811973405,0.23843537,0.1994225967201787,1.019397909967453,0.188900961422224,2.0931599140167236,0.7282022833824158,2.0931599140167236,0.7282022833824158,1.3419442176818848,0.7282022833824158,0.8387882709503174,0.3988635540008545,0.8387882709503174,0.3988635540008545,0.783495306968689,0.4039583206176758
793,100,-0.488885630238497,-0.26236153,0.06612560549859725,1.076375381105749,0.1192050237733473,0.7303696870803833,0.5261167287826538,0.7303696870803833,0.5261167287826538,1.19987154006958,0.8338801860809326,0.45812761783599854,0.05880054831504822,0.45812761783599854,0.05880054831504822,0.6457995772361755,0.11520300805568695
794,100,-2.7362491741693207,0.11703627,0.17564991833418098,0.9856175646390702,0.0016296139031751755,0.45239686965942383,0.5331778526306152,0.45239686965942383,0.5331778526306152,0.5205168724060059,0.5331778526306152,0.45239686965942383,0.10499890148639679,0.45239686965942383,0.10499890148639679,0.49278736114501953,0.05940798670053482
795,100,-0.8213120769098154,-0.6278353,0.010858620692978826,1.1507601560032654,0.28036457771288137,1.3874913454055786,0.9080344438552856,1.3874913454055786,0.9080344438552856,1.745805025100708,1.2274560928344727,0.7801684141159058,0.13897386193275452,0.7801684141159058,0.13897386193275452,0.9666239023208618,0.27645400166511536
796,100,-2.606074945415388,-0.021755278,0.23133977149257945,0.8533884453558428,0.17336142370381313,0.2360992133617401,0.07921934127807617,0.2360992133617401,0.07921934127807617,0.1298862099647522,0.07921934127807617,0.2360992133617401,0.17062722146511078,0.2360992133617401,0.17062722146511078,0.15765927731990814,0.23118391633033752
797,100,-0.7049501453983148,-0.6424114,0.021901535363131996,1.5141764577234942,0.0508349405864057,2.8729000091552734,1.0811724662780762,2.8729000091552734,1.0811724662780762,3.033154249191284,1.1122184991836548,1.0515785217285156,0.031720638275146484,1.0515785217285156,0.031720638275146484,1.0870369672775269,0.01872280240058899
798,100,-1.435282550390387,-0.6203193,0.1830177775926607,0.6876730659138091,0.5346006184073863,0.1389535665512085,0.4829637110233307,0.1389535665512085,0.4829637110233307,1.491557002067566,1.0744035243988037,0.1389535665512085,0.25649088621139526,0.1389535665512085,0.25649088621139526,0.4460010528564453,0.4141470193862915
799,100,-1.3011095407414643,-0.33729428,0.015100845270166197,0.9575846952760647,0.14677725954115695,1.5991129875183105,0.7265761494636536,1.5991129875183105,0.7265761494636536,1.901473045349121,0.9556211233139038,0.6378921270370483,0.057266175746917725,0.6378921270370483,0.057266175746917725,0.7722960710525513,0.0825306698679924
800,100,-1.5272664612101412,-0.66184175,0.24021284877485827,0.5813029699949259,0.5384389167440307,0.18105483055114746,0.4939059019088745,0.18105483055114746,0.4939059019088745,1.4044337272644043,0.9989149570465088,0.18105483055114746,0.27450525760650635,0.18105483055114746,0.27450525760650635,0.4548274576663971,0.45133793354034424
801,100,0.5254585959879259,-0.92457896,0.02936558352456875,1.3006285729184364,0.22263298656541797,1.428844928741455,0.957939624786377,1.428844928741455,0.957939624786377,1.7887983322143555,1.113183856010437,0.6744935512542725,0.06846624612808228,0.6744935512542725,0.06846624612808228,0.8091763257980347,0.10135382413864136
802,100,-1.5161815089606672,-1.1838064,0.2469120459995935,0.9628196859482637,0.5851054980045127,0.27283209562301636,0.6536477208137512,0.27283209562301636,0.6536477208137512,1.0487886667251587,1.3719812631607056,0.27283209562301636,0.271049439907074,0.27283209562301636,0.271049439907074,0.6113543510437012,0.43346649408340454
803,100,1.9092996450171975,-0.77474755,0.018881807916659943,1.038308454939897,0.3864084844480675,2.0347256660461426,0.4192200005054474,2.0347256660461426,0.4192200005054474,2.6876566410064697,0.9894974231719971,0.5680077075958252,0.1231154203414917,0.5680077075958252,0.1231154203414917,0.836180567741394,0.10093140602111816
804,100,-3.085069634568484,-0.5623204,0.20401831368093237,0.3567232547321474,0.5303875609745888,1.4053592681884766,0.42748957872390747,1.4053592681884766,0.42748957872390747,1.0535156726837158,0.42748957872390747,0.6634105443954468,0.3722574710845947,0.6634105443954468,0.3722574710845947,0.40877851843833923,0.20499393343925476
805,100,1.510863535375531,-0.29585207,0.21805251219479493,1.1029511836303008,0.027566672712436402,2.3600544929504395,0.39922934770584106,2.3600544929504395,0.39922934770584106,2.647012233734131,0.39922934770584106,0.7542250156402588,0.04126465320587158,0.7542250156402588,0.04126465320587158,0.5767271518707275,0.28547900915145874
806,100,-1.482963885531707,-0.027864754,0.5753635256535203,0.6294138615765319,0.5989435713520576,1.1231791973114014,0.36490437388420105,1.1231791973114014,0.36490437388420105,0.994479238986969,0.2716168761253357,1.1231791973114014,1.2268431186676025,1.1231791973114014,1.2268431186676025,0.7928279638290405,1.5594614744186401
807,100,2.0344730318374395,-0.16650942,0.2340108694771107,1.2921613724294194,0.4114446198868589,2.1492462158203125,1.2015196084976196,2.1492462158203125,1.2015196084976196,1.9969432353973389,0.19163335859775543,1.3483017683029175,0.4078079164028168,1.3483017683029175,0.4078079164028168,1.0113276243209839,0.6807482242584229
808,100,0.2485156725884545,-0.2763307,0.22387082024743055,0.2842838859371202,0.8229203765373357,1.5839424133300781,0.2572159171104431,1.5839424133300781,0.2572159171104431,1.07797110080719,0.2572159171104431,1.3463466167449951,0.4034903645515442,1.3463466167449951,0.4034903645515442,0.6797821521759033,0.38714343309402466
809,100,1.4679942409302669,0.5047982,0.38634293211489595,0.7200032337040628,0.3421277762918742,1.2409499883651733,0.39271485805511475,1.2409499883651733,0.39271485805511475,1.3805577754974365,0.39271485805511475,0.6477334499359131,0.4928208589553833,0.6477334499359131,0.4928208589553833,0.5202241539955139,0.8519952893257141
810,100,0.4117376202854569,0.81316614,0.07454375455418427,0.6026869161355328,0.4296493091943747,1.0369601249694824,1.0842525959014893,1.0369601249694824,1.0842525959014893,0.10128360986709595,0.7807141542434692,1.0369601249694824,0.047054171562194824,1.0369601249694824,0.047054171562194824,0.8859087228775024,0.29372262954711914
811,100,-1.030326801939191,1.4365486,0.260051516732809,0.02928544045825976,0.6165584910827402,0.7266912460327148,1.3490326404571533,0.7266912460327148,1.3490326404571533,0.9121390581130981,1.3490326404571533,0.7266912460327148,0.08056342601776123,0.7266912460327148,0.08056342601776123,0.9095296859741211,0.10764116048812866
812,100,-1.0228246958981484,1.3501246,0.14253483132756867,0.48204953941641393,0.05664877009760472,0.8182088732719421,0.9297573566436768,0.8182088732719421,0.9297573566436768,0.672282874584198,0.9297573566436768,0.8182088732719421,0.07512259483337402,0.8182088732719421,0.07512259483337402,0.8739831447601318,0.09988653659820557
813,100,-0.3879368673203456,0.41133517,0.1695593271622134,0.2304031142510498,0.3018688443292866,0.4850718379020691,0.7028068900108337,0.4850718379020691,0.7028068900108337,0.20868217945098877,0.7028068900108337,0.4850718379020691,0.1133584976196289,0.4850718379020691,0.1133584976196289,0.6803879737854004,0.19959357380867004
814,100,-1.5506844113335734,-0.7614052,0.06432502207272672,1.2190575436576943,0.0599681773699845,2.3696181774139404,0.817753255367279,2.3696181774139404,0.817753255367279,2.468092918395996,0.817753255367279,0.6257944703102112,0.2021617889404297,0.6257944703102112,0.2021617889404297,0.7217738628387451,0.1410476565361023
815,100,0.4931602934945729,-1.0146098,0.1588684575395385,0.8338048273979132,0.4518782020837735,0.9967600703239441,0.6623406410217285,0.9967600703239441,0.6623406410217285,1.7490211725234985,1.1371474266052246,0.5118905305862427,0.13259649276733398,0.5118905305862427,0.13259649276733398,0.7617470622062683,0.3302348256111145
816,100,-1.6865816866553571,-1.0902841,0.37532061216808676,0.6648255860196153,0.5481512718337916,0.20978033542633057,0.6325227618217468,0.20978033542633057,0.6325227618217468,1.0144028663635254,1.0718815326690674,0.20978033542633057,0.34922081232070923,0.20978033542633057,0.34922081232070923,0.42833083868026733,0.5523609519004822
817,100,0.9729383260404756,-0.8073718,0.040779707678097576,1.0295327246137909,0.28960456966688153,2.272000312805176,0.46340620517730713,2.272000312805176,0.46340620517730713,2.591864585876465,0.6951351165771484,0.6286495923995972,0.13884902000427246,0.6286495923995972,0.13884902000427246,0.7379457354545593,0.08106064796447754
818,100,-2.3396923930405475,-0.8208363,0.3692255324437651,0.193726858770622,0.7639817820279458,2.093066692352295,0.9822934865951538,2.093066692352295,0.9822934865951538,2.086742401123047,0.9822934865951538,0.8355786800384521,0.24358844757080078,0.8355786800384521,0.24358844757080078,1.0765777826309204,0.2540034055709839
819,100,-0.2070866053373525,-0.18828778,0.21164573275858606,0.8079027743606838,0.0025821343909220307,1.6606578826904297,0.46326225996017456,1.6606578826904297,0.46326225996017456,1.6745320558547974,0.46326225996017456,0.7017531991004944,0.21179844439029694,0.7017531991004944,0.21179844439029694,0.5825077295303345,0.37856748700141907
820,100,-0.9942072748030676,-0.5593047,0.4572610493582958,0.011427601370512352,0.6159875600173097,1.6909842491149902,0.7835315465927124,1.6909842491149902,0.7835315465927124,1.6590571403503418,0.7835315465927124,0.7051972150802612,0.32227200269699097,0.7051972150802612,0.32227200269699097,1.009652853012085,0.2699592113494873
821,100,0.3636917285553637,-0.4047134,0.10026944017108153,1.0299202865597719,0.0597515378941067,2.1152260303497314,1.0898538827896118,2.1152260303497314,1.0898538827896118,2.1384952068328857,1.0898538827896118,1.0431153774261475,0.13723552227020264,1.0431153774261475,0.13723552227020264,1.0664846897125244,0.12215399742126465
822,100,-0.8722391995509371,-0.8710877,0.21914497306538427,0.4627180430794908,0.7801600790733016,1.8842847347259521,1.2771990299224854,1.8842847347259521,1.2771990299224854,1.9847853183746338,1.2771990299224854,0.870206356048584,0.31584954261779785,0.870206356048584,0.31584954261779785,0.9410659670829773,0.36126431822776794
823,100,1.1669591478049908,-0.05169095,0.027125453166791602,0.5872346149610284,0.17589796408114788,1.1361552476882935,0.402789831161499,1.1361552476882935,0.402789831161499,1.347541093826294,0.49106478691101074,0.47480565309524536,0.07379986345767975,0.47480565309524536,0.07379986345767975,0.5166934132575989,0.041301026940345764
824,100,0.1419338193561596,-0.17286189,0.1534158181898373,0.25136213035313126,0.388025144172698,0.9190390110015869,0.22290103137493134,0.9190390110015869,0.22290103137493134,0.6597222685813904,0.22290103137493134,0.3525436222553253,0.1584978699684143,0.3525436222553253,0.1584978699684143,0.22913943231105804,0.0971890240907669
825,100,2.2055247617537237,-0.16224046,0.03800048503090214,0.7451336810051679,0.0817028028423229,1.6545662879943848,0.27437376976013184,1.6545662879943848,0.27437376976013184,1.7459203004837036,0.1449565589427948,0.4505653381347656,0.1838204711675644,0.4505653381347656,0.1838204711675644,0.3947922885417938,0.22281649708747864
826,100,-0.156040600985719,1.1750221,0.15349976329254533,0.42987758860862546,0.08758618956578967,1.092664361000061,1.1128747463226318,1.092664361000061,1.1128747463226318,0.9838981032371521,1.1128747463226318,1.092664361000061,0.2698688507080078,1.092664361000061,0.2698688507080078,1.1027696132659912,0.26375657320022583
827,100,1.2473832670476988,0.7853031,0.06110248786374914,0.18265047866556666,0.12996940989418523,0.7072651386260986,0.07195913791656494,0.7072651386260986,0.07195913791656494,0.6991699934005737,0.3700076937675476,0.05828404426574707,0.012889742851257324,0.05828404426574707,0.012889742851257324,0.1411641240119934,0.14945179224014282
828,100,-0.0473990996256687,1.5834427,0.13806711866030696,0.719698129874683,0.01468971255475382,1.2542906999588013,1.2288570404052734,1.2542906999588013,1.2288570404052734,1.002099633216858,1.2288570404052734,1.2542906999588013,0.03244519233703613,1.2542906999588013,0.03244519233703613,1.2415738105773926,0.03015446662902832
829,100,1.4859499399770055,0.94256604,0.11754421526214104,0.20490187704819168,0.3103826870290479,0.40847086906433105,0.49595972895622253,0.40847086906433105,0.49595972895622253,0.37071144580841064,0.49595972895622253,0.40847086906433105,0.04376256465911865,0.40847086906433105,0.04376256465911865,0.3793778419494629,0.02192544937133789
830,100,-1.3345634405165647,1.4449098,0.22645102344018075,0.38609470206847313,0.06769961559076065,1.2769067287445068,1.2678148746490479,1.2769067287445068,1.2678148746490479,1.092383623123169,1.2678148746490479,1.2769067287445068,0.0476837158203125,1.2769067287445068,0.0476837158203125,1.2723608016967773,0.0495150089263916
831,100,-0.8945584352739666,0.7619846,0.1555717598992524,0.32840713282528594,0.22820212622893218,0.6435246467590332,0.13270390033721924,0.6435246467590332,0.13270390033721924,0.502415657043457,0.7344744205474854,0.02236992120742798,0.1620854139328003,0.02236992120742798,0.1620854139328003,0.20370477437973022,0.4632227420806885
832,100,-0.7767835281758508,0.827597,0.09980631736187164,0.3599728743619321,0.08731980496358233,0.9882459044456482,0.8403351306915283,0.9882459044456482,0.8403351306915283,0.463528037071228,0.8403351306915283,0.9882459044456482,0.018314659595489502,0.9882459044456482,0.018314659595489502,0.9142905473709106,0.14716628193855286
833,100,0.4170270828145193,0.046576574,0.0225564017315808,0.8174748074109713,0.15796059548624397,1.8408247232437134,0.5750904083251953,1.8408247232437134,0.5750904083251953,1.6244454383850098,0.29313188791275024,0.5127178430557251,0.05694335699081421,0.5127178430557251,0.05694335699081421,0.3335680365562439,0.1327858865261078
834,100,-0.5664922120913418,-0.70402694,0.24229587126151997,0.6311031132872468,0.4538565963711526,0.21489059925079346,0.34066230058670044,0.21489059925079346,0.34066230058670044,0.8387770056724548,0.6989374160766602,0.1799679398536682,0.13716697692871094,0.1799679398536682,0.13716697692871094,0.355518102645874,0.24162721633911133
835,100,0.1143812929144462,-0.1879009,0.031416726839501474,0.663859485165309,0.27555072511773526,0.9411178827285767,0.18507128953933716,0.9411178827285767,0.18507128953933716,1.4891698360443115,0.36426082253456116,0.273099809885025,0.07759210467338562,0.273099809885025,0.07759210467338562,0.3590570390224457,0.056475624442100525
836,100,-0.3090394392861587,0.08941735,0.057541849117252464,0.19957386228636775,0.3099680018780875,0.5840674042701721,0.12238731980323792,0.5840674042701721,0.12238731980323792,0.37909090518951416,0.12238731980323792,0.21701441705226898,0.12497109174728394,0.21701441705226898,0.12497109174728394,0.11361207813024521,0.08926048129796982
837,100,0.3172021423948358,-0.22334962,0.044434659375050756,0.7075823534702517,0.10280375893122129,0.9271683096885681,0.23519368469715118,0.9271683096885681,0.23519368469715118,0.7740297317504883,0.12429383397102356,0.2553254961967468,0.01758134365081787,0.2553254961967468,0.01758134365081787,0.20053882896900177,0.05615902692079544
838,100,-1.2789026925084597,-0.2319144,0.014768028689413959,0.5136337213448643,0.2705272748759112,0.09221965074539185,0.01497042179107666,0.09221965074539185,0.01497042179107666,0.32744014263153076,0.14358112215995789,0.09221965074539185,0.07915574312210083,0.09221965074539185,0.07915574312210083,0.08309675753116608,0.1615007370710373
839,100,0.5558254271041125,-0.03029859,0.0504341516675767,0.5958000886481243,0.056230631912978335,0.5958727598190308,0.11051778495311737,0.5958727598190308,0.11051778495311737,0.6274360418319702,0.07549548149108887,0.16737903654575348,0.05814705789089203,0.16737903654575348,0.05814705789089203,0.15120810270309448,0.07297325134277344
840,100,0.0571076251272211,-0.035928085,0.26103067656665324,0.1593568846711383,0.21917614941181185,0.5594812035560608,0.25390273332595825,0.5594812035560608,0.25390273332595825,0.7541174292564392,0.2198522537946701,0.25390273332595825,0.07901924848556519,0.25390273332595825,0.07901924848556519,0.28911083936691284,0.048678845167160034
841,100,0.9028222431454686,-0.07660193,0.07608304399344101,0.6085884932851052,0.06157209090504445,1.1624046564102173,0.3276863694190979,1.1624046564102173,0.3276863694190979,1.0938236713409424,0.3276863694190979,0.45670652389526367,0.08316261321306229,0.45670652389526367,0.08316261321306229,0.3921964466571808,0.15434376895427704
842,100,-0.064726727971283,-0.06839491,0.03743175052016767,0.11143284599869618,0.38488802550635803,0.9098737239837646,0.034566156566143036,0.9098737239837646,0.034566156566143036,0.6709752082824707,0.034566156566143036,0.34012192487716675,0.014079123735427856,0.34012192487716675,0.014079123735427856,0.19319546222686768,0.1232910305261612
843,100,1.5815664819021145,0.29688126,0.14614835878213245,0.30524905270471187,0.015387826679191197,0.4897792339324951,0.17844226956367493,0.4897792339324951,0.17844226956367493,0.38084179162979126,0.17844226956367493,0.03297579288482666,0.13938899338245392,0.03297579288482666,0.13938899338245392,0.1057090312242508,0.21973860263824463
844,100,0.5897663088341891,0.5222912,0.033950367091140396,0.10711571695827121,0.07607976905361476,0.5921274423599243,0.5840867161750793,0.5921274423599243,0.5840867161750793,0.4729258418083191,0.5894073247909546,0.5921274423599243,0.012892365455627441,0.5921274423599243,0.012892365455627441,0.5948381423950195,0.007039934396743774
845,100,0.4141501444777835,0.461481,0.21651334801362354,0.32770026494393645,0.1098885139085582,0.8416718244552612,0.22312825918197632,0.8416718244552612,0.22312825918197632,0.7935504913330078,0.22312825918197632,0.031342387199401855,0.21472713351249695,0.031342387199401855,0.21472713351249695,0.1272353231906891,0.3844364881515503
846,100,1.8685757350418828,0.90107244,0.07593994988992647,0.4511888041881096,0.11582472508523567,0.870692789554596,0.9616212248802185,0.870692789554596,0.9616212248802185,0.35098814964294434,0.9463358521461487,0.870692789554596,0.08067041635513306,0.870692789554596,0.08067041635513306,0.8629622459411621,0.0683475136756897
847,100,1.2349959462091489,0.9493967,0.12475847959825664,0.03850024961626425,0.3427882603148824,0.521582841873169,1.0959761142730713,0.521582841873169,1.0959761142730713,0.4060126543045044,1.0959761142730713,0.521582841873169,0.3742893934249878,0.521582841873169,0.3742893934249878,0.5626784563064575,0.40075165033340454
848,100,2.056381736705317,0.5803521,0.12370683562612204,0.13852870807410103,0.07416351818034732,0.7597045302391052,0.48191744089126587,0.7597045302391052,0.48191744089126587,0.7182721495628357,0.48191744089126587,0.2718929946422577,0.04705548286437988,0.2718929946422577,0.04705548286437988,0.3769052028656006,0.13401830196380615
849,100,1.6359100524898624,1.2358518,0.13586739066642595,0.6179591911585676,0.03629035014927984,0.9858824610710144,1.1997780799865723,0.9858824610710144,1.1997780799865723,1.097477912902832,1.1997780799865723,0.9858824610710144,0.11075687408447266,0.9858824610710144,0.11075687408447266,1.0928303003311157,0.18567624688148499
850,100,2.121917759311623,1.279707,0.18285011222323588,0.24109984963773856,0.34267882982275344,0.331179141998291,1.1787337064743042,0.331179141998291,1.1787337064743042,0.47888803482055664,1.1787337064743042,0.3791782855987549,0.050956010818481445,0.3791782855987549,0.050956010818481445,0.5986765623092651,0.2975577712059021
851,100,0.7902265706412179,1.5545782,0.19255246935713116,0.6337395322435502,0.184932770335541,0.9656007289886475,1.239673137664795,0.9656007289886475,1.239673137664795,1.1769535541534424,1.239673137664795,0.9656007289886475,0.28592991828918457,0.9656007289886475,0.28592991828918457,1.1026369333267212,0.39281463623046875
852,100,2.59486098711575,1.2942573,0.2262245850106288,0.28355924783857,0.3083864024798688,0.3135700225830078,1.2136433124542236,0.3135700225830078,1.2136433124542236,0.6324739456176758,1.2136433124542236,0.3268536329269409,0.14010274410247803,0.3268536329269409,0.14010274410247803,0.5595673322677612,0.36928701400756836
853,100,0.8150101728005891,1.8545735,0.12870398724509258,1.1116540724622836,0.1633688166123074,1.7371976375579834,1.7672886848449707,1.7371976375579834,1.7672886848449707,1.9361714124679565,2.0656578540802,1.7371976375579834,0.032002806663513184,1.7371976375579834,0.032002806663513184,1.842653751373291,0.05981677770614624
854,100,3.496239257909852,1.0431414,0.18659742515777394,0.10953876168124643,0.30717094933223704,0.23528820276260376,1.0958857536315918,0.23528820276260376,1.0958857536315918,0.4722704291343689,1.0958857536315918,0.32716065645217896,0.29435497522354126,0.32716065645217896,0.29435497522354126,0.4698999226093292,0.390066534280777
855,100,0.2863234989404445,1.9592533,0.10451775820624976,1.2531749257094569,0.1795761828211575,1.96564519405365,2.0485239028930664,1.96564519405365,2.0485239028930664,1.8378021717071533,2.102569818496704,1.96564519405365,0.047396063804626465,1.96564519405365,0.047396063804626465,1.9678075313568115,0.16496717929840088
856,100,2.407826542142834,0.8986706,0.060762933813854836,0.06788253625598822,0.3929013270465497,0.10958486795425415,0.9027388095855713,0.10958486795425415,0.9027388095855713,0.25970345735549927,0.9027388095855713,0.19770097732543945,0.30337196588516235,0.19770097732543945,0.30337196588516235,0.29140713810920715,0.19055473804473877
857,100,-0.5456089701118483,1.5238664,0.09435533085690728,0.7371944305118928,0.12897772511588967,0.89335697889328,0.9369168877601624,0.89335697889328,0.9369168877601624,0.5512528419494629,1.1635059118270874,0.89335697889328,0.009614944458007812,0.89335697889328,0.009614944458007812,1.0017869472503662,0.08658504486083984
858,100,3.224662533236385,0.74412423,0.044219849717601845,0.11705735041615899,0.38875172918028744,0.3071676790714264,0.6598309874534607,0.3071676790714264,0.6598309874534607,0.7353509068489075,0.6598309874534607,0.3071676790714264,0.1683659553527832,0.3071676790714264,0.1683659553527832,0.3649943768978119,0.1149449348449707
859,100,-0.459381114712141,1.8751209,0.09203339625258788,1.2807028389198203,0.12407520544055917,1.9620431661605835,1.936545491218567,1.9620431661605835,1.936545491218567,1.5597834587097168,1.9751442670822144,1.9620431661605835,0.04009711742401123,1.9620431661605835,0.04009711742401123,1.9867117404937744,0.03902214765548706
860,100,2.360088069714114,0.26331994,0.05351971384278692,0.49414052930740554,0.2795188683389183,1.59527587890625,0.24401423335075378,1.59527587890625,0.24401423335075378,1.5459215641021729,0.30269429087638855,0.17218941450119019,0.05827319622039795,0.17218941450119019,0.05827319622039795,0.12442132830619812,0.361846387386322
861,100,-1.6090002565541277,1.8249277,0.00479031186486889,1.5005861999422208,0.11603420230326378,2.0984156131744385,2.0341637134552,2.0984156131744385,2.0341637134552,1.0249544382095337,1.9385490417480469,2.0984156131744385,0.04759383201599121,2.0984156131744385,0.04759383201599121,2.044562816619873,0.11524087190628052
862,100,4.6670032467540095,0.6099539,0.17623996051649254,0.3167090841994662,0.4102044077558103,0.42126941680908203,0.6746624112129211,0.42126941680908203,0.6746624112129211,0.7441154718399048,0.6746624112129211,0.42126941680908203,0.12254515290260315,0.42126941680908203,0.12254515290260315,0.35057371854782104,0.10621403157711029
863,100,-1.266891215887324,0.96714145,0.15148205490610023,0.8984836261220197,0.13973729070468033,1.351291298866272,1.1711513996124268,1.351291298866272,1.1711513996124268,0.3904814124107361,1.1711513996124268,1.351291298866272,0.1429930329322815,1.351291298866272,0.1429930329322815,1.2612214088439941,0.22875094413757324
864,100,3.556133119806103,0.48360014,0.34024268853449324,0.5515300718510581,0.2666546638824584,1.0405502319335938,0.20182418823242188,1.0405502319335938,0.20182418823242188,1.4380121231079102,0.20182418823242188,0.36342912912368774,0.23045587539672852,0.36342912912368774,0.23045587539672852,0.2826266586780548,0.5698004961013794
865,100,-1.5145178911463786,1.2893085,0.17480075830766517,1.380034900011168,0.30604456980549466,1.9582581520080566,1.7161314487457275,1.9582581520080566,1.7161314487457275,0.1737462282180786,1.3840079307556152,1.9582581520080566,0.1584092378616333,1.9582581520080566,0.1584092378616333,1.781958818435669,0.24992883205413818
866,100,4.355278119165594,0.66390544,0.2133610797117872,0.4618948786247433,0.4360900213781911,1.1622977256774902,0.288704514503479,1.1622977256774902,0.288704514503479,0.8808751702308655,0.5547530055046082,0.2417910099029541,0.2523069381713867,0.2417910099029541,0.2523069381713867,0.1839306354522705,0.6407184600830078
867,100,-1.5597987217425806,1.6131908,0.06601456925272942,1.6144411821187152,0.3761357013328168,2.2247414588928223,1.930668830871582,2.2247414588928223,1.930668830871582,0.6964917182922363,1.5926883220672607,2.2247414588928223,0.23208367824554443,2.2247414588928223,0.23208367824554443,2.028339147567749,0.4092148542404175
868,100,2.8242705348879342,-0.0724364,0.2929669041122561,0.565848166308657,0.3170786758699161,1.9592732191085815,0.8811955451965332,1.9592732191085815,0.8811955451965332,1.8829790353775024,0.21854186058044434,0.05338957905769348,0.5879834890365601,0.05338957905769348,0.5879834890365601,0.11934380233287811,0.6382418274879456
869,100,-1.4126712110316064,1.560159,0.04490874448464721,1.4715136795007075,0.3370111364026348,1.7316173315048218,1.5553412437438965,1.7316173315048218,1.5553412437438965,0.7326093316078186,1.4595839977264404,1.7316173315048218,0.18036556243896484,1.7316173315048218,0.18036556243896484,1.6525923013687134,0.393815279006958
870,100,4.1558139140686805,0.42762578,0.16287006015322858,0.5259027537918581,0.4590655038344492,1.0554553270339966,0.39793574810028076,1.0554553270339966,0.39793574810028076,0.8708347082138062,0.3687377870082855,0.35409045219421387,0.14410728216171265,0.35409045219421387,0.14410728216171265,0.21328967809677124,0.5519622564315796
871,100,0.0575137325115415,1.2653148,0.06629797710022567,1.2584726966635875,0.3618548032523633,1.7387993335723877,1.4846810102462769,1.7387993335723877,1.4846810102462769,0.3464181423187256,1.186943769454956,1.7387993335723877,0.22040867805480957,1.7387993335723877,0.22040867805480957,1.5491502285003662,0.4343706965446472
872,100,5.0601703615341584,-0.06790705,0.10214288923825388,0.5742393229284749,0.21817802467553066,1.5575449466705322,0.5744002461433411,1.5575449466705322,0.5744002461433411,1.5700500011444092,0.18437379598617554,0.14584408700466156,0.06917023658752441,0.14584408700466156,0.06917023658752441,0.12801490724086761,0.326447069644928
873,100,-0.5220773844755723,2.67236,0.15786176912256167,2.1592348964558434,0.10093004072142664,2.4907474517822266,2.497637987136841,2.4907474517822266,2.497637987136841,2.550781011581421,2.497637987136841,2.4907474517822266,0.3139474391937256,2.4907474517822266,0.3139474391937256,2.494192600250244,0.3136645555496216
874,100,3.116357076557295,-0.35743546,0.4727519333772234,0.2543794798738358,0.014157744514983195,0.6210782527923584,0.6210782527923584,0.6210782527923584,0.6210782527923584,3.1097257137298584,0.6134518384933472,0.6210782527923584,0.23672789335250854,0.6210782527923584,0.23672789335250854,0.6172650456428528,0.23198384046554565
875,100,-0.7604490592396109,2.270411,0.15025724388684636,1.6706323717621592,0.009378677816530123,2.200032949447632,2.157785415649414,2.200032949447632,2.157785415649414,2.0595390796661377,2.157785415649414,2.200032949447632,0.00880575180053711,2.200032949447632,0.00880575180053711,2.1789093017578125,0.014908075332641602
876,100,2.3830759586786168,-0.21574146,0.19074743273075906,0.5023613188582188,0.14668432161007128,2.2719838619232178,0.5448153614997864,2.2719838619232178,0.5448153614997864,2.667250633239746,0.5448153614997864,0.1170959398150444,0.030783087015151978,0.1170959398150444,0.030783087015151978,0.3309556543827057,0.16380490362644196
877,100,-0.619824112137665,2.2157626,0.1671598755092043,1.6373112239903698,0.029394307394618124,2.1584904193878174,2.1650633811950684,2.1584904193878174,2.1650633811950684,2.475518226623535,2.1650633811950684,2.1584904193878174,0.1147000789642334,2.1584904193878174,0.1147000789642334,2.1617770195007324,0.15289020538330078
878,100,3.0557964752494,-0.33720058,0.18192131816060686,0.6563640080802013,0.18011669005520148,1.9334208965301514,0.44334763288497925,1.9334208965301514,0.44334763288497925,2.6411585807800293,0.44334763288497925,0.09045372903347015,0.25842297077178955,0.09045372903347015,0.25842297077178955,0.2669006884098053,0.38725465536117554
879,100,-1.0593330303530086,2.1988811,0.21644313842109408,1.5642399043356838,0.04826812816086079,2.1490719318389893,2.0850226879119873,2.1490719318389893,2.0850226879119873,2.092531681060791,2.0850226879119873,2.1490719318389893,0.22517752647399902,2.1490719318389893,0.22517752647399902,2.1170473098754883,0.22657811641693115
880,100,1.9664773869043568,-0.27623716,0.21132249239819367,0.46099213893522106,0.01862591830853544,1.6518023014068604,0.505594789981842,1.6518023014068604,0.505594789981842,2.5152509212493896,0.505594789981842,0.06745927035808563,0.19385379552841187,0.06745927035808563,0.19385379552841187,0.28652703762054443,0.13879328966140747
881,100,-1.9937802160670524,2.1084473,0.24616326126061994,1.3915397174611583,0.06185214305328546,1.7685556411743164,1.7442091703414917,1.7685556411743164,1.7442091703414917,2.4307379722595215,1.7442091703414917,1.7685556411743164,0.11335396766662598,1.7685556411743164,0.11335396766662598,1.7563824653625488,0.1146097183227539
882,100,2.4731292162724636,-0.6629746,0.2615698196915621,0.7373126808208288,0.02016346483040099,2.784344434738159,0.5958434343338013,2.784344434738159,0.5958434343338013,3.1899611949920654,0.5958434343338013,0.1103142499923706,0.03341621160507202,0.1103142499923706,0.03341621160507202,0.35307884216308594,0.12787818908691406
883,100,-1.3361938980332635,1.8584517,0.2917289411540296,1.3280419712931018,0.1234131399862135,1.8118095397949219,1.6400762796401978,1.8118095397949219,1.6400762796401978,2.0074310302734375,1.6400762796401978,1.8118095397949219,0.7342039346694946,1.8118095397949219,0.7342039346694946,1.725942850112915,0.8104461431503296
884,100,3.0923200603705165,-0.14198008,0.24164397792436199,0.5925030216600272,0.25368572832357217,1.6099046468734741,0.8726824522018433,1.6099046468734741,0.8726824522018433,1.5381510257720947,0.5620749592781067,0.19242313504219055,0.37714070081710815,0.19242313504219055,0.37714070081710815,0.17123274505138397,0.29340264201164246
885,100,-2.426632606399204,1.9548702,0.2333254718007296,1.6392053239610798,0.29399966983655834,2.3457741737365723,2.0652883052825928,2.3457741737365723,2.0652883052825928,1.0909204483032227,1.6902763843536377,2.3457741737365723,0.14318537712097168,2.3457741737365723,0.14318537712097168,1.9477037191390991,0.4957798719406128
886,100,2.2688169179120163,-1.1594889,0.3744706708387411,0.9642142569230185,0.05174584328308951,2.7579591274261475,0.7061964869499207,2.7579591274261475,0.7061964869499207,4.211773872375488,0.7061964869499207,0.22985899448394775,0.06636357307434082,0.22985899448394775,0.06636357307434082,0.4680277407169342,0.22682863473892212
887,100,-0.8397902674694793,2.107633,0.2362253755279835,1.643314112041824,0.13665722630585186,2.1379873752593994,2.213561773300171,2.1379873752593994,2.213561773300171,2.9219212532043457,2.213561773300171,2.1379873752593994,0.22647380828857422,2.1379873752593994,0.22647380828857422,2.175774574279785,0.32927560806274414
888,100,2.4151259589773715,-0.23244311,0.32236433369699613,0.5391734984584946,0.17258275106638865,1.806894063949585,0.6934041380882263,1.806894063949585,0.6934041380882263,2.1459248065948486,0.6934041380882263,0.11548617482185364,0.1504276841878891,0.11548617482185364,0.1504276841878891,0.40444517135620117,0.14652623236179352
889,100,0.4733799184659026,2.0340269,0.36098840179824343,1.4750018184716556,0.21000351975719966,2.0904269218444824,2.047863721847534,2.0904269218444824,2.047863721847534,2.4502623081207275,2.047863721847534,2.0904269218444824,0.6841959953308105,2.0904269218444824,0.6841959953308105,2.0691452026367188,0.6585779190063477
890,100,3.1356336882212186,-0.198107,0.3172087552365159,0.5286168159718572,0.18916186182103623,1.371624231338501,0.8646445870399475,1.371624231338501,0.8646445870399475,2.3473658561706543,0.8646445870399475,0.1288711428642273,0.05604070425033569,0.1288711428642273,0.05604070425033569,0.4967578649520874,0.035853803157806396
891,100,1.217635884217258,2.5326653,0.18261179385572368,1.5850216017210297,0.2076227201590528,2.081909418106079,2.0022764205932617,2.081909418106079,2.0022764205932617,3.0912210941314697,2.0193588733673096,2.081909418106079,0.08835744857788086,2.081909418106079,0.08835744857788086,2.1209983825683594,0.2456209659576416
892,100,2.2280406566228264,-0.33792055,0.6614230594812184,0.15440485896574685,0.09813668092399119,0.8859171271324158,0.8859171271324158,0.8859171271324158,0.8859171271324158,2.4400782585144043,0.6596336364746094,0.8859171271324158,0.39937451481819153,0.8859171271324158,0.39937451481819153,0.772775411605835,0.3314024806022644
893,100,1.036189812892488,2.8028781,0.058870105348091784,1.9438669652105194,0.3249533199209118,2.977353811264038,2.53977632522583,2.977353811264038,2.53977632522583,3.7198357582092285,2.2539658546447754,2.977353811264038,0.3619046211242676,2.977353811264038,0.3619046211242676,2.844043254852295,0.32655978202819824
894,100,2.3457756216723142,-0.1490986,0.5556144029273304,0.12518586636332107,0.3335434055384695,0.4755885601043701,0.9433077573776245,0.4755885601043701,0.9433077573776245,1.577727198600769,0.7451765537261963,0.9433077573776245,0.3025527894496918,0.9433077573776245,0.3025527894496918,1.4086320400238037,0.21271494030952454
895,100,3.3277865127187107,1.167595,0.0615808147412189,0.49248062499200357,0.09936276891131168,0.7220472693443298,0.5289498567581177,0.7220472693443298,0.5289498567581177,0.7267712354660034,0.5960226058959961,0.7220472693443298,0.24774658679962158,0.7220472693443298,0.24774658679962158,0.7438238263130188,0.1985298991203308
896,100,2.8968819826943997,0.026064068,0.5025383781680125,0.046114571853396624,0.30987311331267214,0.7603883743286133,0.7603883743286133,0.7603883743286133,0.7603883743286133,1.7757749557495117,0.5795316696166992,0.7603883743286133,0.387662410736084,0.7603883743286133,0.387662410736084,1.2648835182189941,0.20324121415615082
897,100,2.9534176281254534,1.02332,0.707363805871239,0.8448594872970963,0.11669767400909148,0.8456443548202515,0.640181303024292,0.8456443548202515,0.640181303024292,0.27218472957611084,0.640181303024292,1.1943329572677612,0.19206273555755615,1.1943329572677612,0.19206273555755615,0.9172571301460266,0.7346773743629456
898,100,2.856317830597803,1.5264691,0.5498979524213219,1.225756620725815,0.005355199344482031,1.7684972286224365,1.0116803646087646,1.7684972286224365,1.0116803646087646,1.1865110397338867,1.0116803646087646,1.7684972286224365,0.07392501831054688,1.7684972286224365,0.07392501831054688,1.3900887966156006,0.42333167791366577
899,100,3.14882237404721,1.1126814,0.644353044478549,0.9660617586263676,0.07338717756504853,1.1809823513031006,0.5736256241798401,1.1809823513031006,0.5736256241798401,0.5298244953155518,0.5736256241798401,1.2655731439590454,0.3065147399902344,1.2655731439590454,0.3065147399902344,0.9195994138717651,0.7466789484024048
900,100,2.439671869579469,1.2287409,0.21809315184752148,0.37240033025798913,0.1340292187285998,0.4858267307281494,0.11541318893432617,0.4858267307281494,0.11541318893432617,0.12476480007171631,0.11541318893432617,0.4858267307281494,0.09865212440490723,0.4858267307281494,0.09865212440490723,0.3006199598312378,0.17044222354888916
901,100,3.620397798527679,1.2475814,0.2791728641568994,0.48843528330326036,0.1981424798363262,0.6414054036140442,0.26526200771331787,0.6414054036140442,0.26526200771331787,0.18347930908203125,0.26526200771331787,0.6939929127693176,0.24083876609802246,0.6939929127693176,0.24083876609802246,0.47962746024131775,0.2195436954498291
902,100,3.3656022841956803,2.054437,0.2952759506315302,1.192012936875378,0.1887815904986,1.9262869358062744,1.541271448135376,1.9262869358062744,1.541271448135376,1.6771894693374634,1.541271448135376,1.9262869358062744,0.34604740142822266,1.9262869358062744,0.34604740142822266,1.7337791919708252,0.29577720165252686
903,100,5.780786896777046,1.3107023,0.2492350367285131,0.44846343190194793,0.11826192743794639,0.3133256435394287,0.2645087242126465,0.3133256435394287,0.2645087242126465,0.1424487829208374,0.2645087242126465,0.5575425028800964,0.015656471252441406,0.5575425028800964,0.015656471252441406,0.41102561354637146,0.20248806476593018
904,100,4.651438270429701,1.9533582,0.03516855190709667,0.7407160290737747,0.21400142222950125,1.0790846347808838,1.0334336757659912,1.0790846347808838,1.0334336757659912,1.143468976020813,1.3547779321670532,1.0790846347808838,0.021223783493041992,1.0790846347808838,0.021223783493041992,1.137852430343628,0.172868013381958
905,100,5.599546901670819,2.0695443,0.22286027915699003,1.0153227969235985,0.27576292513572054,0.36277616024017334,1.382932186126709,0.36277616024017334,1.382932186126709,0.37741219997406006,1.5207446813583374,1.3220311403274536,0.5093350410461426,1.3220311403274536,0.5093350410461426,1.3554623126983643,0.30479973554611206
906,100,3.686197639838755,2.1999197,0.04992601185832224,0.8714708560162396,0.2239920723018367,1.0043902397155762,1.2003209590911865,1.0043902397155762,1.2003209590911865,1.0580024719238281,1.616940975189209,1.0043902397155762,0.13398075103759766,1.0043902397155762,0.13398075103759766,1.107315182685852,0.1739668846130371
907,100,3.920747199464451,2.7415223,0.13616433639809067,1.2545290524043988,0.25660970976057684,1.180093765258789,2.0105819702148438,1.180093765258789,2.0105819702148438,1.270444393157959,2.2719953060150146,1.5339179039001465,0.03396177291870117,1.5339179039001465,0.03396177291870117,1.586138129234314,0.23833203315734863
908,100,4.413213100177231,2.1974735,0.1432231556099307,0.6476991304622071,0.3024311531655156,0.7514616250991821,1.0549629926681519,0.7514616250991821,1.0549629926681519,1.0277963876724243,1.5433249473571777,0.7514616250991821,0.022213459014892578,0.7514616250991821,0.022213459014892578,0.9417968988418579,0.2480955719947815
909,100,4.844832246673438,2.4658475,0.33995076624798215,0.6240481938078637,0.4626811915861373,0.35505008697509766,1.393845558166504,0.35505008697509766,1.393845558166504,0.9735697507858276,1.984326720237732,0.9180853366851807,0.39615631103515625,0.9180853366851807,0.39615631103515625,1.1590547561645508,0.764279842376709
910,100,5.560910508747179,2.2007947,0.36215654123075214,0.5038122846600933,0.2478487471637042,0.5537899732589722,1.2420459985733032,0.5537899732589722,1.2420459985733032,1.1169885396957397,1.2420459985733032,0.6571801900863647,0.2947174310684204,0.6571801900863647,0.2947174310684204,0.949613094329834,0.5511452555656433
911,100,4.788653516522633,2.9246094,0.5488377774703954,0.9388903108044586,0.337173797932687,1.304239273071289,2.217918634414673,1.304239273071289,2.217918634414673,2.103032112121582,2.217918634414673,1.4554436206817627,0.6061222553253174,1.4554436206817627,0.6061222553253174,1.8366811275482178,0.9999384880065918
912,100,5.136165158643467,2.7835882,0.5225192276677723,0.7714894210145243,0.32046968779203366,0.8861455917358398,1.9067716598510742,0.8861455917358398,1.9067716598510742,1.7166424989700317,1.9067716598510742,1.0862984657287598,0.4645226001739502,1.0862984657287598,0.4645226001739502,1.496535062789917,0.8501739501953125
913,100,4.354278752313763,2.9163609,0.5389468648384528,0.7732391302118599,0.33930496395248677,1.0441784858703613,1.9389276504516602,1.0441784858703613,1.9389276504516602,1.764243245124817,1.9389276504516602,1.0441784858703613,0.46365928649902344,1.0441784858703613,0.46365928649902344,1.4915530681610107,0.8602365255355835
914,100,5.556503543789015,2.5757458,0.3347706259116269,0.43687553862525874,0.2650310187200503,0.3344573974609375,1.031254768371582,0.3344573974609375,1.031254768371582,0.785146951675415,1.031254768371582,0.4402580261230469,0.22225546836853027,0.4402580261230469,0.22225546836853027,0.7357563972473145,0.43643665313720703
915,100,1.978769181344454,2.8454041,0.3869762964469865,0.6469453782150432,0.3507709355698416,0.76517653465271,1.563931941986084,0.76517653465271,1.563931941986084,1.3732843399047852,1.563931941986084,0.76517653465271,0.38192200660705566,0.76517653465271,0.38192200660705566,1.164554238319397,0.6803536415100098
916,100,3.334661470307994,2.772758,0.39554465738768374,0.46310168197474566,0.2957994818072961,0.29900383949279785,1.2620608806610107,0.29900383949279785,1.2620608806610107,0.897923469543457,1.2620608806610107,0.522822380065918,0.2930176258087158,0.522822380065918,0.2930176258087158,0.8924416303634644,0.5700176954269409
917,100,-0.5997333119760895,2.5979254,0.1245174829902519,0.682262986079115,0.25637858071687647,0.9623181819915771,1.3348383903503418,0.9623181819915771,1.3348383903503418,1.2741169929504395,1.8147218227386475,0.9623181819915771,0.2514922618865967,0.9623181819915771,0.2514922618865967,1.1880805492401123,0.4563349485397339
918,100,2.5803817920274223,2.3316867,0.24644144099602566,0.1656172910506779,0.3509070755485003,0.4844846725463867,1.4636309146881104,0.4844846725463867,1.4636309146881104,0.6080005168914795,1.4636309146881104,0.4844846725463867,0.4031238555908203,0.4844846725463867,0.4031238555908203,0.7220810651779175,0.6330242156982422
919,100,-0.5972309689004545,1.3945489,0.5194910567548265,0.4177996673432409,0.06480308650285549,1.123957872390747,0.17753064632415771,1.123957872390747,0.17753064632415771,0.17521965503692627,0.6448339223861694,0.17753064632415771,0.2740764617919922,0.17753064632415771,0.2740764617919922,0.4111822843551636,0.5612162351608276
920,100,3.5135540012208466,1.7618303,0.1812220809795602,0.3272446856875599,0.22561808570553757,0.5698347091674805,0.2364366054534912,0.5698347091674805,0.2364366054534912,0.31929874420166016,0.7108485698699951,0.11868071556091309,0.3859741687774658,0.11868071556091309,0.3859741687774658,0.19629454612731934,0.6284388303756714
921,100,-0.4266162957099326,1.3203453,0.282656333495661,0.25367991349746266,0.2727887807125897,0.5519393682479858,0.11450207233428955,0.5519393682479858,0.11450207233428955,1.0026768445968628,0.39780861139297485,0.11450207233428955,0.5710856318473816,0.11450207233428955,0.5710856318473816,0.1666496992111206,0.5321624279022217
922,100,3.687982175260331,1.9566679,0.24407307890682306,0.3517708018473331,0.18573990750968217,0.5858714580535889,0.2805062532424927,0.5858714580535889,0.2805062532424927,0.41693949699401855,0.2805062532424927,0.1231691837310791,0.386218786239624,0.1231691837310791,0.386218786239624,0.2018377184867859,0.6609312891960144
923,100,-0.426458459324839,1.4970104,0.21135081494182245,0.49798302992512694,0.2202483956858876,0.8718916177749634,0.8369978666305542,0.8718916177749634,0.8369978666305542,0.5092402696609497,0.7919933795928955,0.8718916177749634,0.07400906085968018,0.8718916177749634,0.07400906085968018,0.8493219017982483,0.12220799922943115
924,100,2.8242538182583288,1.559618,0.2991494279342012,0.39429058631261177,0.1914742891116646,0.8806087970733643,0.44116294384002686,0.8806087970733643,0.44116294384002686,0.40099549293518066,0.44116294384002686,0.08398735523223877,0.3202868700027466,0.08398735523223877,0.3202868700027466,0.2625751495361328,0.596764326095581
925,100,-1.4110450913459494,1.2936178,0.28445033754679794,0.3787143559697567,0.19209638970209525,0.6690065264701843,0.6078646779060364,0.6690065264701843,0.6078646779060364,0.04761338233947754,0.6078646779060364,0.6690065264701843,0.05354154109954834,0.6690065264701843,0.05354154109954834,0.6384356021881104,0.09285509586334229
926,100,2.7799584949157787,1.5142022,0.15833488086244837,0.41888447264625395,0.2090944596582264,0.924493670463562,0.24568426609039307,0.924493670463562,0.24568426609039307,0.5237079858779907,0.640438973903656,0.09430086612701416,0.3469662666320801,0.09430086612701416,0.3469662666320801,0.1709805727005005,0.5365684628486633
927,100,-1.243245007995656,1.0613179,0.506912905582038,0.23519612090898945,0.20140960771603234,0.8962242603302002,0.28844523429870605,0.8962242603302002,0.28844523429870605,0.35076236724853516,0.23759740591049194,0.28844523429870605,0.04996371269226074,0.28844523429870605,0.04996371269226074,0.263021320104599,0.2331872284412384
928,100,1.420273682465601,1.4449685,0.22042971071099093,0.5345343966869143,0.13104590179584252,0.8942387104034424,0.18053436279296875,0.8942387104034424,0.18053436279296875,0.541323184967041,0.18053436279296875,0.313948392868042,0.2831308841705322,0.313948392868042,0.2831308841705322,0.24724137783050537,0.5387910008430481
929,100,-1.6338424209747366,1.5134106,0.3298294583649162,0.27539308297470266,0.44241747147438865,0.7550637722015381,0.12944936752319336,0.7550637722015381,0.12944936752319336,1.0147323608398438,0.12944936752319336,0.32399094104766846,0.7975397109985352,0.32399094104766846,0.7975397109985352,0.4158797860145569,0.6493104100227356
930,100,0.1819112916649441,1.1788476,0.012082104984018072,0.6923592662073902,0.15052336561925628,1.258396863937378,0.1700732707977295,1.258396863937378,0.1700732707977295,0.9091815948486328,0.21435344219207764,0.4144850969314575,0.22570765018463135,0.4144850969314575,0.22570765018463135,0.22465413808822632,0.3662242889404297
931,100,-2.303557892941704,0.95870036,0.4249650170815359,0.0035789209542812506,0.2719867556672737,0.6697989106178284,0.260189950466156,0.6697989106178284,0.260189950466156,1.006075382232666,0.11800605058670044,0.260189950466156,0.24055516719818115,0.260189950466156,0.24055516719818115,0.3351256847381592,0.1772020161151886
932,100,1.3694892502970482,0.59622157,0.24588588070879647,0.7267177894045809,0.006562828390356934,1.1352145671844482,0.3787722587585449,1.1352145671844482,0.3787722587585449,1.3337225914001465,0.3787722587585449,0.4178946018218994,0.1087827980518341,0.4178946018218994,0.1087827980518341,0.39833343029022217,0.12583395838737488
933,100,-1.6808500252254597,0.68490565,0.31168539366361636,0.2653898042706687,0.19556937533145924,0.3294154405593872,0.11456435918807983,0.3294154405593872,0.11456435918807983,0.28530001640319824,0.07581400871276855,0.11456435918807983,0.07592040300369263,0.11456435918807983,0.07592040300369263,0.0951891839504242,0.06301552057266235
934,100,1.7204638970632726,1.278145,0.018024604857173054,0.6155742223524966,0.1550580218075886,0.912422776222229,0.30615973472595215,0.912422776222229,0.30615973472595215,1.0004204511642456,0.27007150650024414,0.4844975471496582,0.2295222282409668,0.4844975471496582,0.2295222282409668,0.4687674641609192,0.25064754486083984
935,100,-2.429581059182743,0.7764735,0.423230395335512,0.0162709038896659,0.3646355964166603,0.6630098819732666,0.229070782661438,0.6630098819732666,0.229070782661438,1.1902965307235718,0.1924351453781128,0.229070782661438,0.21064412593841553,0.229070782661438,0.21064412593841553,0.3478127121925354,0.10692697763442993
936,100,0.9345924696058372,1.0870419,0.048747357429098026,0.5991393796766746,0.0029082816491012853,0.9399204254150391,0.1665705442428589,0.9399204254150391,0.1665705442428589,0.761705756187439,0.1665705442428589,0.34885990619659424,0.07242918014526367,0.34885990619659424,0.07242918014526367,0.25771522521972656,0.16072875261306763
937,100,-0.9374428489211108,0.6463161,0.6237997228337318,0.03601686994439535,0.31849106209179767,0.9960377812385559,0.4403155446052551,0.9960377812385559,0.4403155446052551,1.419184684753418,0.2880188226699829,0.4403155446052551,0.2426452934741974,0.4403155446052551,0.2426452934741974,0.533848226070404,0.17724649608135223
938,100,0.126036480616398,0.79682183,0.0549412735344208,0.7407588147625482,0.029154023251582672,1.1958264112472534,0.3462449312210083,1.1958264112472534,0.3462449312210083,1.1757241487503052,0.3462449312210083,0.49851953983306885,0.17544138431549072,0.49851953983306885,0.17544138431549072,0.4223822355270386,0.24393802881240845
939,100,-1.4551353398032,0.99496603,0.203967029900895,0.11839835944863952,0.3018887872548447,0.480749249458313,0.030624032020568848,0.480749249458313,0.030624032020568848,0.6516255140304565,0.030624032020568848,0.2112823724746704,0.16650354862213135,0.2112823724746704,0.16650354862213135,0.24271607398986816,0.14013957977294922
940,100,0.7577529416519194,0.55737245,0.15217813040382677,0.6779026432647738,0.029995050063657547,0.7467290163040161,0.19081848859786987,0.7467290163040161,0.19081848859786987,0.8329625129699707,0.19081848859786987,0.20003986358642578,0.03496265411376953,0.20003986358642578,0.03496265411376953,0.19542917609214783,0.038839519023895264
941,100,-0.1228086083311563,0.5807743,0.28705390811580955,0.44762508325355577,0.17188233121768726,0.03259962797164917,0.046879470348358154,0.03259962797164917,0.046879470348358154,0.21342891454696655,0.046879470348358154,0.03259962797164917,0.059010207653045654,0.03259962797164917,0.059010207653045654,0.03973954916000366,0.09598767757415771
942,100,1.901898427024568,0.6642004,0.03787085219347208,0.7778674945286457,0.09692249352374827,1.0958863496780396,0.3361934423446655,1.0958863496780396,0.3361934423446655,1.1667225360870361,0.32231003046035767,0.42796576023101807,0.07707208395004272,0.42796576023101807,0.07707208395004272,0.42132478952407837,0.08131146430969238
943,100,0.1390579770117146,0.827093,0.21350803648688121,0.17400237518487505,0.2788490141482698,0.3223990201950073,0.022153496742248535,0.3223990201950073,0.022153496742248535,0.45469510555267334,0.022153496742248535,0.10523474216461182,0.11262553930282593,0.10523474216461182,0.11262553930282593,0.11185890436172485,0.10755082964897156
944,100,1.0948202568407863,1.2610542,0.0452537643131109,0.40827306715893175,0.037713455273113095,0.6113766431808472,0.1932077407836914,0.6113766431808472,0.1932077407836914,0.3616892099380493,0.1932077407836914,0.03653693199157715,0.06053483486175537,0.03653693199157715,0.06053483486175537,0.11487233638763428,0.17369776964187622
945,100,0.5174355277775632,1.3199184,0.12787683438701727,0.13848153063931418,0.031727293640682414,0.6366292834281921,0.6406140923500061,0.6366292834281921,0.6406140923500061,0.5350065231323242,0.6406140923500061,0.6366292834281921,0.014644622802734375,0.6366292834281921,0.014644622802734375,0.6386216878890991,0.007581472396850586
946,100,1.505742266047582,1.3561473,0.0080032216519422,0.3221968636684812,0.07826459039117897,0.4745204448699951,0.05083012580871582,0.4745204448699951,0.05083012580871582,0.24474477767944336,0.27414536476135254,0.03963303565979004,0.010842084884643555,0.03963303565979004,0.010842084884643555,0.1352766752243042,0.1228342056274414
947,100,0.2760673807873481,1.1456884,0.0815089214401146,0.12508262017953034,0.06505168436728809,0.3549705743789673,0.39880597591400146,0.3549705743789673,0.39880597591400146,0.34948843717575073,0.39880597591400146,0.3549705743789673,0.011968016624450684,0.3549705743789673,0.011968016624450684,0.3768882751464844,0.040450096130371094
948,100,1.132606602825903,1.3190997,0.03100944732882316,0.3279925779890767,0.05716403811862761,0.22512221336364746,0.4653904438018799,0.22512221336364746,0.4653904438018799,0.18361306190490723,0.5081881284713745,0.24036526679992676,0.23987102508544922,0.24036526679992676,0.23987102508544922,0.25726234912872314,0.27282094955444336
949,100,1.0399028933011285,1.2897124,0.14421675003476164,0.028564972105304454,0.09279408108737425,0.16429388523101807,0.050679564476013184,0.16429388523101807,0.050679564476013184,0.22751343250274658,0.47599703073501587,0.050679564476013184,0.35741329193115234,0.050679564476013184,0.35741329193115234,0.08885496854782104,0.3917992413043976
950,100,3.000314606452986,1.2846068,0.029266631531551623,0.34306126853444713,0.07017288620734122,0.41814732551574707,0.2648528814315796,0.41814732551574707,0.2648528814315796,0.1370936632156372,0.5189265608787537,0.12440788745880127,0.14448928833007812,0.12440788745880127,0.14448928833007812,0.24286794662475586,0.2786391079425812
951,100,-0.6957241701377488,1.6066172,0.01103929033394141,0.007614892885038083,0.14527809353628474,0.11117935180664062,0.6106064319610596,0.11117935180664062,0.6106064319610596,0.05216336250305176,0.6106064319610596,0.05373334884643555,0.37991786003112793,0.05373334884643555,0.37991786003112793,0.1459665298461914,0.47217148542404175
952,100,2.746809389110341,1.5076702,0.2152953607212635,0.12502583508024512,0.02376502690856011,0.45017004013061523,0.45017004013061523,0.45017004013061523,0.45017004013061523,0.1871042251586914,0.7358084917068481,0.45017004013061523,0.07209086418151855,0.45017004013061523,0.07209086418151855,0.5929892659187317,0.2180231809616089
953,100,-2.145925193084314,1.8110111,0.19065156338346007,0.50296085330424,0.034918701320989565,1.0007002353668213,1.0034911632537842,1.0007002353668213,1.0034911632537842,0.5571551322937012,1.0034911632537842,1.0007002353668213,0.1713724136352539,1.0007002353668213,0.1713724136352539,1.0020956993103027,0.13766539096832275
954,100,2.5182571351393284,1.0221287,0.19522047026204467,0.5321503650025812,0.10610437238288106,1.1318761110305786,0.251096248626709,1.1318761110305786,0.251096248626709,0.7245824337005615,0.251096248626709,0.20070016384124756,0.14808624982833862,0.20070016384124756,0.14808624982833862,0.22589820623397827,0.3662274181842804
955,100,-2.184918413122108,1.200089,0.37690695946159214,0.250645411895313,0.2292661311495347,0.7399697303771973,0.29021477699279785,0.7399697303771973,0.29021477699279785,0.20911669731140137,0.2785053849220276,0.29021477699279785,0.09825372695922852,0.29021477699279785,0.09825372695922852,0.2843600809574127,0.2612949013710022
956,100,4.2638041209837425,0.79165566,0.1229797600675695,0.7442995140335404,0.06418596044233982,1.5818451642990112,0.07039272785186768,1.5818451642990112,0.07039272785186768,1.1703698635101318,0.07039272785186768,0.41369521617889404,0.05447065830230713,0.41369521617889404,0.05447065830230713,0.24204397201538086,0.1796957552433014
957,100,-1.3546580517541598,0.9077929,0.46402657953734283,0.24147354711576874,0.40042367193502243,0.8840442895889282,0.3433542251586914,0.8840442895889282,0.3433542251586914,1.5641425848007202,0.03499394655227661,0.3433542251586914,0.3737061619758606,0.3433542251586914,0.3737061619758606,0.5006126165390015,0.2906237840652466
958,100,2.741129953108266,0.89132184,0.35999114350559763,0.9324654608043197,0.0709272898042328,1.973120927810669,0.007159292697906494,1.973120927810669,0.007159292697906494,1.2428414821624756,0.007159292697906494,0.6681628823280334,0.08087128400802612,0.6681628823280334,0.08087128400802612,0.33766108751296997,0.30971360206604004
959,100,0.4140807125934302,1.3175814,0.37808130771126536,0.4961351853158469,0.49306016620184556,0.6876707077026367,0.4764586091041565,0.6876707077026367,0.4764586091041565,0.05748796463012695,0.20793533325195312,0.6876707077026367,0.2675337791442871,0.6876707077026367,0.2675337791442871,0.5564658045768738,0.48567724227905273
960,100,0.9167506454150978,0.9790885,0.0753241675006564,0.7058957724022289,0.15182377679651127,1.7201652526855469,0.18085163831710815,1.7201652526855469,0.18085163831710815,1.2618184089660645,0.05471831560134888,0.3611829876899719,0.12143486738204956,0.3611829876899719,0.12143486738204956,0.2598009705543518,0.2025320827960968
961,100,1.106937152138454,1.0913235,0.16070818517011476,0.25508151072816765,0.2757787850406982,0.5978062152862549,0.4974302649497986,0.5978062152862549,0.4974302649497986,0.16431093215942383,0.4974302649497986,0.15361666679382324,0.07003462314605713,0.15361666679382324,0.07003462314605713,0.2990052103996277,0.3241066038608551
962,100,2.6591832485461455,0.7911637,0.14466168078565106,0.3667209918044277,0.07416906184756877,0.6712864637374878,0.18898379802703857,0.6712864637374878,0.18898379802703857,0.8931465148925781,0.18898379802703857,0.11656951904296875,0.07576441764831543,0.11656951904296875,0.07576441764831543,0.15277665853500366,0.1306503415107727
963,100,1.439419238678186,1.3731611,0.03220971433055371,0.1377234522163663,0.01418863723368173,0.3438749313354492,0.5714313983917236,0.3438749313354492,0.5714313983917236,0.48988771438598633,0.5714313983917236,0.429468035697937,0.013608813285827637,0.429468035697937,0.013608813285827637,0.5004497170448303,0.09640800952911377
964,100,3.1500584332197676,1.6424158,0.18609978949900785,0.026471877220979878,0.0328650956915828,0.4143519401550293,0.4143519401550293,0.4143519401550293,0.4143519401550293,0.3400692939758301,0.7479033470153809,0.4143519401550293,0.33261752128601074,0.4143519401550293,0.33261752128601074,0.4553579092025757,0.3604435920715332
965,100,1.9062907470814237,1.724943,0.016149089508449815,0.25649066929964726,0.023598048490347495,0.5665489435195923,0.7675988674163818,0.5665489435195923,0.7675988674163818,0.5234676599502563,0.8647311925888062,0.5665489435195923,0.25717949867248535,0.5665489435195923,0.25717949867248535,0.6194008588790894,0.33007001876831055
966,100,2.7565240575712284,2.2003295,0.2498851556753377,0.1164211566300738,0.15577079862663398,0.469388484954834,0.469388484954834,0.469388484954834,0.469388484954834,0.6803715229034424,1.2708582878112793,0.469388484954834,0.5556979179382324,0.469388484954834,0.5556979179382324,0.6077505946159363,0.6716118454933167
967,100,2.0869123255669817,2.1283846,0.1196226427952447,0.49506238865893337,0.05617134820964309,0.9991309642791748,1.3045761585235596,0.9991309642791748,1.3045761585235596,1.1110361814498901,1.3045761585235596,0.9991309642791748,0.24351418018341064,0.9991309642791748,0.24351418018341064,1.1518535614013672,0.4129452109336853
968,100,1.047279533517355,1.9003035,0.23687239764482304,0.10836737876905184,0.1593453416095158,0.46735620498657227,0.5458159446716309,0.46735620498657227,0.5458159446716309,0.7985050678253174,1.2259087562561035,0.5458159446716309,0.5008682012557983,0.5458159446716309,0.5008682012557983,0.7117039561271667,0.6172142624855042
969,100,2.5167600042456058,1.9824792,0.1357200216386732,0.3793198733600146,0.05977896040247921,0.9027495384216309,1.2648392915725708,0.9027495384216309,1.2648392915725708,1.162510871887207,1.2648392915725708,0.9027495384216309,0.2162935733795166,0.9027495384216309,0.2162935733795166,1.083794355392456,0.45897310972213745
970,100,0.3295194015614722,1.993091,0.0036222961350408367,0.2239879081953845,0.197849596386513,0.405287504196167,0.8243323564529419,0.405287504196167,0.8243323564529419,0.8014341592788696,1.1745946407318115,0.6296762228012085,0.19447481632232666,0.6296762228012085,0.19447481632232666,0.8066110610961914,0.41875511407852173
971,100,3.1593520963373476,2.0371008,0.13382464903326768,0.018814425595437445,0.1272886571605592,0.20937657356262207,0.20937657356262207,0.20937657356262207,0.20937657356262207,0.47464776039123535,0.9332058429718018,0.20937657356262207,0.23549556732177734,0.20937657356262207,0.23549556732177734,0.38471078872680664,0.3940563201904297
972,100,0.0649509255418166,1.2149761,0.29704316830921795,0.21891943378137163,0.048612996731017766,0.48954999446868896,0.08587169647216797,0.48954999446868896,0.08587169647216797,0.17597651481628418,0.5725318789482117,0.08587169647216797,0.11795425415039062,0.08587169647216797,0.11795425415039062,0.3292017877101898,0.3383089303970337
973,100,2.776318018240622,1.5275044,0.29892584420356527,0.35022249479883716,0.1391630257220613,0.9279825687408447,0.7201144695281982,0.9279825687408447,0.7201144695281982,0.35071349143981934,0.7201144695281982,0.14424514770507812,0.3141031265258789,0.14424514770507812,0.3141031265258789,0.4321798086166382,0.5922175645828247
974,100,-0.0627346077684513,1.5523474,0.3195262368243587,0.5101494489820145,0.13246353221513146,0.9384278655052185,0.9447866678237915,0.9384278655052185,0.9447866678237915,0.3640480041503906,0.9447866678237915,0.9384278655052185,0.0588681697845459,0.9384278655052185,0.0588681697845459,0.9416072368621826,0.06697273254394531
975,100,1.7206612083078738,1.3285058,0.17669382855244908,0.4825850140392982,0.1417150778049454,1.1115930080413818,0.3978104591369629,1.1115930080413818,0.3978104591369629,0.7155487537384033,0.3978104591369629,0.02411794662475586,0.20931339263916016,0.02411794662475586,0.20931339263916016,0.21096420288085938,0.39551711082458496
976,100,0.5528979581845122,1.5313269,0.24904087237066427,0.2919494965436943,0.15181360375840228,0.6171993017196655,0.6050689220428467,0.6171993017196655,0.6050689220428467,0.08258473873138428,0.6050689220428467,0.6171993017196655,0.010389924049377441,0.6171993017196655,0.010389924049377441,0.6111341118812561,0.007369399070739746
977,100,1.328133490164325,1.2252975,0.08615672841821753,0.449761102264075,0.16638780139463477,0.9314656257629395,0.3892619013786316,0.9314656257629395,0.3892619013786316,0.5695960521697998,0.7309185862541199,0.02345573902130127,0.4122735261917114,0.02345573902130127,0.4122735261917114,0.17116618156433105,0.5811240673065186
978,100,-0.4833134511699314,1.5444387,0.10951063717968282,0.1510849192072845,0.21597804625829048,0.3473966121673584,0.6996183395385742,0.3473966121673584,0.6996183395385742,0.3423633575439453,0.6996183395385742,0.01271069049835205,0.13169527053833008,0.01271069049835205,0.13169527053833008,0.29947030544281006,0.41945838928222656
979,100,0.7674562250995147,1.0581738,0.08206764923543045,0.30240831961951326,0.004212788085347752,0.17675507068634033,0.33090007305145264,0.17675507068634033,0.33090007305145264,0.0019141435623168945,0.33090007305145264,0.14231252670288086,0.12055516242980957,0.14231252670288086,0.12055516242980957,0.23660629987716675,0.2202184796333313
980,100,-0.5650036381932582,0.88750774,0.44363660946539596,0.019973064948807795,0.06435494644637774,0.5428028702735901,0.11123377084732056,0.5428028702735901,0.11123377084732056,0.5660293698310852,0.2718844413757324,0.11123377084732056,0.32974904775619507,0.11123377084732056,0.32974904775619507,0.08563661575317383,0.34237197041511536
981,100,1.1074414951745173,0.7268622,0.160593695906583,0.6592528674738718,0.021619094522906668,0.9420582056045532,0.030597209930419922,0.9420582056045532,0.030597209930419922,0.8796796798706055,0.030597209930419922,0.18053030967712402,0.19055724143981934,0.18053030967712402,0.19055724143981934,0.10556375980377197,0.27851003408432007
982,100,-0.2608269669918378,0.7032922,0.442446113554473,0.1806572681849763,0.3281730118486069,0.4208374619483948,0.10999292135238647,0.4208374619483948,0.10999292135238647,0.745088517665863,0.02923452854156494,0.10999292135238647,0.18448412418365479,0.10999292135238647,0.18448412418365479,0.1488008201122284,0.15393725037574768
983,100,0.5459419084204229,0.87061346,0.06821482039706439,0.5150015448888959,0.07195359363486253,0.61376953125,0.12173473834991455,0.61376953125,0.12173473834991455,0.5534604787826538,0.1891465187072754,0.14372432231903076,0.25043022632598877,0.14372432231903076,0.25043022632598877,0.10677790641784668,0.2774364948272705
984,100,0.0833301276609665,0.624185,0.4231920254855224,0.09885559663739807,0.24175430422079092,0.4024142622947693,0.05807614326477051,0.4024142622947693,0.05807614326477051,0.6985988020896912,0.13738274574279785,0.05807614326477051,0.2239357829093933,0.05807614326477051,0.2239357829093933,0.0904252827167511,0.204157754778862
985,100,2.7509034508587265,0.57007277,0.19901232923224177,0.5249629709933631,0.04735404954538325,0.4385725259780884,0.009125888347625732,0.4385725259780884,0.009125888347625732,0.44162416458129883,0.009125888347625732,0.06198549270629883,0.032692551612854004,0.06198549270629883,0.032692551612854004,0.03555569052696228,0.06689724326133728
986,100,-0.1445559559875378,0.5363415,0.34005955911379093,0.29432667482042646,0.20771739506434717,0.08320373296737671,0.017151236534118652,0.08320373296737671,0.017151236534118652,0.04150521755218506,0.13140004873275757,0.017151236534118652,0.022395789623260498,0.017151236534118652,0.022395789623260498,0.07427564263343811,0.060817986726760864
987,100,-0.3305556410500339,1.1925797,0.24892469293268274,0.4076612067386453,0.10387408052318312,0.7853013277053833,0.5797009468078613,0.7853013277053833,0.5797009468078613,0.11494898796081543,0.5797009468078613,0.02477884292602539,0.05148947238922119,0.02477884292602539,0.05148947238922119,0.30223989486694336,0.327623188495636
988,100,-1.235204572740502,1.205969,0.36366385311093097,0.3590734246414139,0.16419226228166672,0.711410403251648,0.030697941780090332,0.711410403251648,0.030697941780090332,0.19177591800689697,0.7006344795227051,0.030697941780090332,0.014135003089904785,0.030697941780090332,0.014135003089904785,0.3656662106513977,0.366255521774292
989,100,-0.9541906692917644,0.5959548,0.5134696144341809,0.3796327647935481,0.10511047250984862,0.9584764242172241,0.0840572714805603,0.9584764242172241,0.0840572714805603,1.768389105796814,0.11845123767852783,0.0840572714805603,0.18516284227371216,0.0840572714805603,0.18516284227371216,0.10125425457954407,0.17437909543514252
990,100,0.0701679064883518,0.35323867,0.6090689202917812,0.38060896940964606,0.1841904698163782,0.4956184923648834,0.23628297448158264,0.4956184923648834,0.23628297448158264,0.6298191547393799,0.3106221854686737,0.23628297448158264,0.0109996497631073,0.23628297448158264,0.0109996497631073,0.2734525799751282,0.03943392634391785
991,100,0.3649237150841979,-0.0024318434,0.602643493921384,0.5652853669630702,0.16931472516449064,0.30510517954826355,0.16739019751548767,0.30510517954826355,0.16739019751548767,0.7671903371810913,0.37759798765182495,0.16739019751548767,0.015580747276544571,0.16739019751548767,0.015580747276544571,0.2724940776824951,0.10382284224033356
992,100,-0.4236759759569012,0.3003785,0.2799351787213813,0.5617025399330964,0.31106685835522474,0.4533090591430664,0.17650121450424194,0.4533090591430664,0.17650121450424194,0.8925741314888,0.3191092610359192,0.19255465269088745,0.012888491153717041,0.19255465269088745,0.012888491153717041,0.2645079791545868,0.0426008403301239
993,100,0.5544772775275768,0.37888405,0.2904573997220222,0.2871030878877313,0.18869283521400693,0.06684109568595886,0.06684109568595886,0.06684109568595886,0.06684109568595886,0.04087156057357788,0.07461902499198914,0.06684109568595886,0.037741780281066895,0.06684109568595886,0.037741780281066895,0.070730060338974,0.03287166357040405
994,100,-0.4712377516064983,0.36517227,0.4438642396549999,0.24790960038240822,0.10193778031675271,0.22816824913024902,0.07151743769645691,0.22816824913024902,0.07151743769645691,0.16571885347366333,0.021772414445877075,0.07151743769645691,0.0020071864128112793,0.07151743769645691,0.0020071864128112793,0.04664492607116699,0.023238658905029297
995,100,-0.7566454016042767,0.3876437,0.24010661692771396,0.41696506875000666,0.12706310053346415,0.2983439564704895,0.06157499551773071,0.2983439564704895,0.06157499551773071,0.13713866472244263,0.06157499551773071,0.07950258255004883,0.028249084949493408,0.07950258255004883,0.028249084949493408,0.07053878903388977,0.09352844208478928
996,100,-0.3357078831530542,0.25544456,0.5377982638014602,0.1894226215421334,0.16971435992821682,0.39100179076194763,0.11271342635154724,0.39100179076194763,0.11271342635154724,0.2912124693393707,0.03293219208717346,0.11271342635154724,0.0225369930267334,0.11271342635154724,0.0225369930267334,0.07282280921936035,0.03754708170890808
997,100,-0.3183924795094271,0.0855495,0.4961329444641202,0.3729952799149908,0.08919655264089599,0.41718795895576477,0.12339730560779572,0.41718795895576477,0.12339730560779572,0.7132294178009033,0.1884966790676117,0.12339730560779572,0.02474195882678032,0.12339730560779572,0.02474195882678032,0.1559469997882843,0.025916552171111107
998,100,-1.3761550426959053,0.09060061,0.34586503756107745,0.4764259827812922,0.09839919462953639,0.1405765265226364,0.11866234242916107,0.1405765265226364,0.11866234242916107,0.18452250957489014,0.11866234242916107,0.08112785220146179,0.005939409136772156,0.08112785220146179,0.005939409136772156,0.09989509731531143,0.018685348331928253
999,100,-0.0645560902074304,0.011081617,0.4044184016121418,0.36200846642371,0.1825308791390552,0.05373072996735573,0.05373072996735573,0.05373072996735573,0.05373072996735573,0.10489943623542786,0.10224984586238861,0.05373072996735573,0.03178304433822632,0.05373072996735573,0.03178304433822632,0.07799028605222702,0.0575728565454483
1000,100,0.8320896694851309,0.08831692,0.4256174842158136,0.35829597916390055,0.12446898649545868,0.25451362133026123,0.10310368239879608,0.25451362133026123,0.10310368239879608,0.31650519371032715,0.1512722671031952,0.10310368239879608,0.009472973644733429,0.10310368239879608,0.009472973644733429,0.12718796730041504,0.02608363702893257
1001,100,-2.942970044860456,0.05819264,0.18076309003575974,0.690257566901007,0.01167641431605293,0.4614740312099457,0.15872731804847717,0.4614740312099457,0.15872731804847717,0.46724721789360046,0.15872731804847717,0.15865717828273773,0.010227560997009277,0.15865717828273773,0.010227560997009277,0.15869224071502686,0.012396126985549927
1002,100,0.1140784579798722,0.15889473,0.12219543568149871,0.29246357437927295,0.21412350784001483,0.14348067343235016,0.10151471197605133,0.14348067343235016,0.10151471197605133,0.46707648038864136,0.04722654074430466,0.008455753326416016,0.10815079510211945,0.008455753326416016,0.10815079510211945,0.040250442922115326,0.08198085427284241
1003,100,1.510392511025103,0.52638793,0.2631844034821717,0.06538189056607846,0.12762743526512826,0.6202664375305176,0.03536581993103027,0.6202664375305176,0.03536581993103027,0.7567136287689209,0.2027302384376526,0.03536581993103027,0.1050148606300354,0.03536581993103027,0.1050148606300354,0.03835955262184143,0.10310688614845276
1004,100,-1.6004468911066323,0.046149984,0.1354858506074066,0.7442434190730867,0.012233024815104021,1.5107861757278442,0.40148109197616577,1.5107861757278442,0.40148109197616577,1.6482093334197998,0.40148109197616577,0.41769081354141235,0.014280274510383606,0.41769081354141235,0.014280274510383606,0.40958595275878906,0.016549743711948395
1005,100,-1.009256986347192,0.29651335,0.03396494216781698,0.23305007601572886,0.35079669304627314,0.6838387250900269,0.02433273196220398,0.6838387250900269,0.02433273196220398,1.2222609519958496,0.02433273196220398,0.18176832795143127,0.17160482704639435,0.18176832795143127,0.17160482704639435,0.1668321043252945,0.1779707670211792
1006,100,0.9468620117746372,0.5113634,0.24202204183947387,0.11831872258015319,0.10166266421656228,0.5824601650238037,0.14150917530059814,0.5824601650238037,0.14150917530059814,0.12237125635147095,0.2683795392513275,0.14150917530059814,0.014890581369400024,0.14150917530059814,0.014890581369400024,0.20494435727596283,0.16296565532684326
1007,100,-1.400211620029179,0.19488509,0.22898774600469363,0.5313496243887137,0.059000865060234386,1.0955827236175537,0.41919559240341187,1.0955827236175537,0.41919559240341187,1.622691035270691,0.41919559240341187,0.29224300384521484,0.10536567866802216,0.29224300384521484,0.10536567866802216,0.35571929812431335,0.0749637633562088
1008,100,0.1484043105221014,0.14435008,0.0013189192835714736,0.2581510006088469,0.1815840091453898,0.3542885184288025,0.014300748705863953,0.3542885184288025,0.014300748705863953,0.8778526782989502,0.07331562042236328,0.0941852331161499,0.09479689598083496,0.0941852331161499,0.09479689598083496,0.14375141263008118,0.06217072531580925
1009,100,2.8094575283262655,0.4604879,0.004588649995445837,0.008865885231707837,0.2275292656137975,0.40154939889907837,0.2457868456840515,0.40154939889907837,0.2457868456840515,0.10237044095993042,0.2457868456840515,0.11391490697860718,0.03103846311569214,0.11391490697860718,0.03103846311569214,0.11197242140769958,0.15885120630264282
1010,100,-1.0009243269452797,0.15369597,0.04037236139383127,0.5146759498185921,0.032586647242410116,1.030674934387207,0.33384329080581665,1.030674934387207,0.33384329080581665,1.0590157508850098,0.33384329080581665,0.33341580629348755,0.08183456212282181,0.33341580629348755,0.08183456212282181,0.3336295485496521,0.07811574637889862
1011,100,1.4387187542897708,0.27890557,0.030408343191409115,0.2215818341603804,0.13263413791394318,0.6059103012084961,0.12230774760246277,0.6059103012084961,0.12230774760246277,1.7608861923217773,0.048876240849494934,0.024443209171295166,0.09596261382102966,0.024443209171295166,0.09596261382102966,0.017865777015686035,0.04998277127742767
1012,100,2.3596468666924983,2.196195,0.23234238493483494,1.2540988966156936,0.1059830407916067,1.739048719406128,1.9562634229660034,1.739048719406128,1.9562634229660034,2.1918580532073975,1.9562634229660034,1.739048719406128,0.0700538158416748,1.739048719406128,0.0700538158416748,1.847656011581421,0.0507274866104126
1013,100,-1.2126309609158978,-0.027637083,0.16870112170999763,0.6317952187056572,0.12174944683614974,1.8374031782150269,0.72739177942276,1.8374031782150269,0.72739177942276,1.850083351135254,0.72739177942276,0.347160667181015,0.08637475967407227,0.347160667181015,0.08637475967407227,0.5372762084007263,0.08638400584459305
1014,100,2.393029790101407,0.44304067,0.4774389333024467,0.45782024113787817,0.10590161675030424,0.7806820273399353,0.7806820273399353,0.7806820273399353,0.7806820273399353,0.42316025495529175,0.23086582124233246,0.7806820273399353,0.30678409337997437,0.7806820273399353,0.30678409337997437,0.5057739019393921,0.5525562763214111
1015,100,3.7754396030537727,1.6690784,0.24742084954740462,0.6238389797316694,0.1867749858071509,0.8628007173538208,1.0858359336853027,0.8628007173538208,1.0858359336853027,1.483789086341858,1.0858359336853027,0.8628007173538208,0.2796518802642822,0.8628007173538208,0.2796518802642822,0.9743183255195618,0.31707555055618286
1016,100,0.8558337187008347,-0.6219647,0.42726834055637986,0.8334439876409332,0.036941743478230205,2.9538321495056152,0.9777100682258606,2.9538321495056152,0.9777100682258606,3.6334123611450195,0.9777100682258606,0.255092591047287,0.12634512782096863,0.255092591047287,0.12634512782096863,0.6164013147354126,0.2634076774120331
1017,100,1.4850785568957652,0.3095803,0.582714633734519,0.5195290015504737,0.16517310889751435,0.8624826669692993,0.8624826669692993,0.8624826669692993,0.8624826669692993,0.508600115776062,0.07979264855384827,0.8624826669692993,0.18340760469436646,0.8624826669692993,0.18340760469436646,0.4711376428604126,0.3151216506958008
1018,100,2.420215933868766,1.7018752,0.015519048935410451,0.7939742489164227,0.27182341283795364,1.0541322231292725,0.9224019050598145,1.0541322231292725,0.9224019050598145,1.1826388835906982,1.27821683883667,1.0541322231292725,0.11871075630187988,1.0541322231292725,0.11871075630187988,1.2153483629226685,0.1824778914451599
1019,100,2.4852952859074957,0.7429172,0.13465993138689447,0.04194782509490888,0.2173474642777771,0.1382732391357422,0.35498595237731934,0.1382732391357422,0.35498595237731934,0.30081552267074585,0.35498595237731934,0.1382732391357422,0.29944977164268494,0.1382732391357422,0.29944977164268494,0.12758216261863708,0.18609602749347687
1020,100,-0.7358202151622941,0.8362328,0.2421687489113037,0.3559051756058975,0.11615247088660496,0.26718252897262573,0.3736591339111328,0.26718252897262573,0.3736591339111328,0.15722393989562988,0.3736591339111328,0.6642483472824097,0.1434880495071411,0.6642483472824097,0.1434880495071411,0.5189537405967712,0.2032281756401062
1021,100,1.9864644945592524,1.8403594,0.23437041612630027,1.0901694301631029,0.32004103026132014,1.6655704975128174,1.4504754543304443,1.6655704975128174,1.4504754543304443,1.7209231853485107,1.6721303462982178,1.702495813369751,0.44347190856933594,1.702495813369751,0.44347190856933594,1.7604498863220215,0.27609777450561523
1022,100,1.6309925754272696,2.1210585,0.24182510322209505,1.037741158580043,0.2801795897563705,1.439849615097046,1.6710171699523926,1.439849615097046,1.6710171699523926,1.7721095085144043,1.977291226387024,1.439849615097046,0.0240023136138916,1.439849615097046,0.0240023136138916,1.607361078262329,0.19509673118591309
1023,100,0.784413851148946,0.3929993,0.05980764995761148,0.3190677694630685,0.2314966473075533,0.8975579738616943,0.3305399417877197,0.8975579738616943,0.3305399417877197,0.5269975662231445,0.07716697454452515,0.18637365102767944,0.09581142663955688,0.18637365102767944,0.09581142663955688,0.14582300186157227,0.17734259366989136
1024,100,1.9523311025443069,0.64966255,0.019111475366394848,0.2801133713259321,0.21368221271642285,0.3958733081817627,0.41255179047584534,0.3958733081817627,0.41255179047584534,0.07746684551239014,0.32716983556747437,0.3958733081817627,0.010202646255493164,0.3958733081817627,0.010202646255493164,0.3585953712463379,0.0918952226638794
1025,100,2.035146637040029,1.3899947,0.04913920363814539,0.3536974260026646,0.34411713995577164,0.4227440357208252,0.5989601612091064,0.4227440357208252,0.5989601612091064,0.966148316860199,1.1056253910064697,0.5770654082298279,0.0027812719345092773,0.5770654082298279,0.0027812719345092773,0.8264017105102539,0.28213563561439514
1026,100,0.9274863558101568,0.9560978,0.04353326335037294,0.0685031848649183,0.22365692271963034,0.2861100435256958,0.66069495677948,0.2861100435256958,0.66069495677948,0.18519026041030884,0.66069495677948,0.3576256036758423,0.02259385585784912,0.3576256036758423,0.02259385585784912,0.454984188079834,0.15533339977264404
1027,100,1.5322324110151442,1.23886,0.012254600877204647,0.42302896390921874,0.07767120872934685,0.6358555555343628,0.7021592855453491,0.6358555555343628,0.7021592855453491,0.502721905708313,0.9131320714950562,0.6663953065872192,0.059990763664245605,0.6663953065872192,0.059990763664245605,0.7607606053352356,0.14491868019104004
1028,100,2.443341014164134,1.3511243,0.029083662439150837,0.38520752503520617,0.2816120456340898,0.5972239375114441,0.5886199474334717,0.5972239375114441,0.5886199474334717,0.9972093105316162,1.0299696922302246,0.5972239375114441,0.03645825386047363,0.5972239375114441,0.03645825386047363,0.8045897483825684,0.2311403453350067
1029,100,-0.0624906644619985,1.1116277,0.009386642768825115,0.08173133586485365,0.3087838292889985,0.4704243540763855,0.7732768058776855,0.4704243540763855,0.7732768058776855,0.40424805879592896,0.7732768058776855,0.4704243540763855,0.12089240550994873,0.4704243540763855,0.12089240550994873,0.6284743547439575,0.16917991638183594
1030,100,0.3616555189032553,1.1342825,0.09981445207731027,0.3511818540618593,0.1182202303532473,0.2780248522758484,0.574295163154602,0.2780248522758484,0.574295163154602,0.08060634136199951,0.8868869543075562,0.6853756904602051,0.23884093761444092,0.6853756904602051,0.23884093761444092,0.8203176856040955,0.21493783593177795
1031,100,1.7713838615397233,1.1597337,0.00770818035012677,0.29322625393259166,0.15596263813450167,0.4258103370666504,0.42190301418304443,0.4258103370666504,0.42190301418304443,0.5437029004096985,0.7186037302017212,0.4258103370666504,0.0019366741180419922,0.4258103370666504,0.0019366741180419922,0.5744655728340149,0.12147319316864014
1032,100,-0.2289075194618218,0.8822327,0.02070619251668676,0.1066395021539785,0.32372768700788535,0.49621936678886414,0.5133718252182007,0.49621936678886414,0.5133718252182007,0.033511459827423096,0.5133718252182007,0.49621936678886414,0.01664072275161743,0.49621936678886414,0.01664072275161743,0.48979678750038147,0.01088857650756836
1033,100,-0.3879893166880911,0.5769366,0.07493240729332784,0.09213164612599653,0.17225706764205634,0.44449639320373535,0.22094663977622986,0.44449639320373535,0.22094663977622986,0.6710885763168335,0.22094663977622986,0.01356649398803711,0.1550818383693695,0.01356649398803711,0.1550818383693695,0.043275684118270874,0.1939011663198471
1034,100,1.6998642048266448,0.9917755,0.004987891853060644,0.3125173625155411,0.11712265209234035,0.6133406162261963,0.6056690216064453,0.6133406162261963,0.6056690216064453,0.25977152585983276,0.6967839002609253,0.6133406162261963,0.014661431312561035,0.6133406162261963,0.014661431312561035,0.6582677960395813,0.06748497486114502
1035,100,2.020562954512833,0.84575766,0.02315195434793979,0.22854898731733103,0.24781861739982022,0.47792500257492065,0.4159702956676483,0.47792500257492065,0.4159702956676483,0.09783971309661865,0.4159702956676483,0.47792500257492065,0.013092756271362305,0.47792500257492065,0.013092756271362305,0.45461443066596985,0.04436701536178589
1036,100,-0.5819154421588538,0.54288846,0.07757559181847107,0.17308628239070428,0.12591073307435924,0.38395947217941284,0.07720893621444702,0.38395947217941284,0.07720893621444702,0.6155779957771301,0.042907536029815674,0.0634375810623169,0.1441025733947754,0.0634375810623169,0.1441025733947754,0.0790095329284668,0.1282082498073578
1037,100,2.4487543105502336,0.7538871,0.033647414693717514,0.18998740692830995,0.18360879768927912,0.2843562066555023,0.3486928939819336,0.2843562066555023,0.3486928939819336,0.15006035566329956,0.28578245639801025,0.34031105041503906,0.07781654596328735,0.34031105041503906,0.07781654596328735,0.3155258595943451,0.12177592515945435
1038,100,1.5350823362811563,1.6052594,0.11560492642556697,0.34266019814817333,0.28677477044952693,0.583350419998169,0.6028366088867188,0.583350419998169,0.6028366088867188,1.0846720933914185,1.1831361055374146,0.583350419998169,0.019844532012939453,0.583350419998169,0.019844532012939453,0.8834836483001709,0.26836925745010376
1039,100,0.6868592747075823,0.9042326,0.07660201404410125,0.15664144300718055,0.16815786844573882,0.19843345880508423,0.34337127208709717,0.19843345880508423,0.34337127208709717,0.18206894397735596,0.34337127208709717,0.262068510055542,0.1030125617980957,0.262068510055542,0.1030125617980957,0.2187974750995636,0.05220586061477661
1040,100,1.0759358203350429,0.8537715,0.03701042066427446,0.28106125099808504,0.22869602674010292,0.4720786213874817,0.580704391002655,0.4720786213874817,0.580704391002655,0.19656294584274292,0.4647257924079895,0.4720786213874817,0.05670732259750366,0.4720786213874817,0.05670732259750366,0.41476792097091675,0.06781262159347534
1041,100,2.301016327589936,1.1037235,0.025473414520217563,0.11836747254190583,0.22404789215408258,0.3095855712890625,0.6591070890426636,0.3095855712890625,0.6591070890426636,0.4169272184371948,0.6591070890426636,0.3095855712890625,0.004480957984924316,0.3095855712890625,0.004480957984924316,0.456045925617218,0.10271495580673218
1042,100,1.0074259925961713,1.0111237,0.0325244477473175,0.00965865980513761,0.16191462171344026,0.3525237441062927,0.5647095441818237,0.3525237441062927,0.5647095441818237,0.3770902156829834,0.5647095441818237,0.3525237441062927,0.15975487232208252,0.3525237441062927,0.15975487232208252,0.37726888060569763,0.17411112785339355
1043,100,1.4164740872815047,0.85796165,0.026487830347826313,0.07436238157585318,0.015651974686232584,0.02543962001800537,0.2740594148635864,0.02543962001800537,0.2740594148635864,0.0303037166595459,0.2740594148635864,0.21042925119400024,0.12480431795120239,0.21042925119400024,0.12480431795120239,0.24224433302879333,0.1516021192073822
1044,100,0.8318443918787946,1.246339,0.030631053079034798,0.2998376757136941,0.07958606949325694,0.4848412275314331,0.4915301203727722,0.4848412275314331,0.4915301203727722,0.45033079385757446,0.7735953330993652,0.4848412275314331,0.032291412353515625,0.4848412275314331,0.032291412353515625,0.6133853197097778,0.11293280124664307
1045,100,0.4649248508647214,1.0600332,0.05607242078305952,0.05949264344890501,0.19152466256389078,0.29959380626678467,0.5924823880195618,0.29959380626678467,0.5924823880195618,0.25763338804244995,0.5924823880195618,0.29959380626678467,0.08414566516876221,0.29959380626678467,0.08414566516876221,0.3847343921661377,0.17247411608695984
1046,100,2.652152972093522,0.89201844,0.02677644338599597,0.09894236033827157,0.04833208318940567,0.2013522982597351,0.258045494556427,0.2013522982597351,0.258045494556427,0.2962057590484619,0.4363238513469696,0.2013522982597351,0.03530168533325195,0.2013522982597351,0.03530168533325195,0.2830723822116852,0.11289727687835693
1047,100,-0.7493876514025891,0.9610671,0.011567964535398628,0.03032586911750823,0.13085929054728487,0.2809562683105469,0.5015836954116821,0.2809562683105469,0.5015836954116821,0.33293843269348145,0.5015836954116821,0.2809562683105469,0.02129960060119629,0.2809562683105469,0.02129960060119629,0.37140393257141113,0.09667715430259705
1048,100,0.0299988602638437,0.66910446,0.07401406291321777,0.10964253224765333,0.001590829739455929,0.41888368129730225,0.03347039222717285,0.41888368129730225,0.03347039222717285,0.6497758626937866,0.03347039222717285,0.11392056941986084,0.18391656875610352,0.11392056941986084,0.18391656875610352,0.07369548082351685,0.16648724675178528
1049,100,2.83557946633975,1.0468684,0.006985678638353809,0.32182857942610593,0.03891707923026466,0.55118727684021,0.5022404789924622,0.55118727684021,0.5022404789924622,0.1326623558998108,0.6284275054931641,0.55118727684021,0.02644526958465576,0.55118727684021,0.02644526958465576,0.6152660846710205,0.04977026581764221
1050,100,1.32116453955906,1.2141396,0.12997918765467076,0.3668025789135918,0.5543993476560638,1.0357801914215088,0.8376654982566833,1.0357801914215088,0.8376654982566833,0.21578550338745117,0.8376654982566833,1.0357801914215088,0.0025916099548339844,1.0357801914215088,0.0025916099548339844,0.9368249177932739,0.09114110469818115
1051,100,1.2772601882783912,0.3676518,0.06573611467074975,0.14994479176313108,0.31892152401919505,0.6956039667129517,0.011896759271621704,0.6956039667129517,0.011896759271621704,0.8699264526367188,0.011896759271621704,0.13973060250282288,0.17788103222846985,0.13973060250282288,0.17788103222846985,0.137069970369339,0.1810940057039261
1052,100,3.949491583891928,1.155586,0.043996267161520886,0.37246850661651815,0.12576445043599105,0.5856977105140686,0.720056414604187,0.5856977105140686,0.720056414604187,0.024967432022094727,0.7289285063743591,0.5856977105140686,0.019367218017578125,0.5856977105140686,0.019367218017578125,0.5896342396736145,0.02286428213119507
1053,100,0.7742541020211722,1.2694287,0.044856986485396155,0.07858849467895287,0.2528179689371299,0.3394891023635864,0.7116470336914062,0.3394891023635864,0.7116470336914062,0.3100167512893677,0.7116470336914062,0.3394891023635864,0.04109394550323486,0.3394891023635864,0.04109394550323486,0.4581628739833832,0.12321293354034424
1054,100,1.3880490007451436,1.2263241,0.21656798550865494,0.09094271673164844,0.1316021950307375,0.23238706588745117,0.23238706588745117,0.23238706588745117,0.23238706588745117,0.009135603904724121,0.9673416614532471,0.23238706588745117,0.1638627052307129,0.23238706588745117,0.1638627052307129,0.42671453952789307,0.3100298047065735
1055,100,2.8312066566179728,1.296725,0.015013865025592099,0.27566245103517384,0.07382502565576454,0.34524989128112793,0.45429128408432007,0.34524989128112793,0.45429128408432007,0.19233691692352295,0.7072504758834839,0.34524989128112793,0.06343841552734375,0.34524989128112793,0.06343841552734375,0.4605381488800049,0.12138819694519043
1056,100,0.4296624657147639,1.315,0.06163530175884552,0.015074219298629232,0.4381116686382449,0.6370071768760681,0.9841079115867615,0.6370071768760681,0.9841079115867615,0.5173785090446472,0.9841079115867615,0.6370071768760681,0.09304487705230713,0.6370071768760681,0.09304487705230713,0.7287226915359497,0.1561306118965149
1057,100,1.3916369478066453,1.0808324,0.15083095641275462,0.10131020101484958,0.018223633368810055,0.22899848222732544,0.22899848222732544,0.22899848222732544,0.22899848222732544,0.21607357263565063,0.5658798813819885,0.22899848222732544,0.17224794626235962,0.22899848222732544,0.17224794626235962,0.397439181804657,0.31263968348503113
1058,100,1.806323175837644,1.2912353,0.024203702346565936,0.30478449292557735,0.11430867588550808,0.4588174819946289,0.5326011180877686,0.4588174819946289,0.5326011180877686,0.44474291801452637,0.9167236089706421,0.4588174819946289,0.043276309967041016,0.4588174819946289,0.043276309967041016,0.6491139531135559,0.16645801067352295
1059,100,1.7344805209503271,1.5726005,0.06832640746102708,0.04996467875860833,0.5948729072393423,0.9776995182037354,1.3385313749313354,0.9776995182037354,1.3385313749313354,0.9703449606895447,1.3385313749313354,0.9776995182037354,0.06933879852294922,0.9776995182037354,0.06933879852294922,1.0995919704437256,0.11122238636016846
1060,100,1.3293523319716551,0.9918134,0.12356020387300504,0.12769408669975613,0.12853242695024336,0.28883814811706543,0.7865230441093445,0.28883814811706543,0.7865230441093445,0.08120179176330566,0.7865230441093445,0.1477111577987671,0.24610334634780884,0.1477111577987671,0.24610334634780884,0.33634892106056213,0.45623236894607544
1061,100,1.2872181012980928,1.202753,0.09533938727120755,0.16877748218086572,0.13181249301919026,0.24595534801483154,0.4255324602127075,0.24595534801483154,0.4255324602127075,0.4745427966117859,0.8750505447387695,0.24595534801483154,0.09177446365356445,0.24595534801483154,0.09177446365356445,0.4165692925453186,0.24968230724334717
1062,100,0.701492469787645,1.2120403,0.062365595468950374,0.1374638304370378,0.16019202932664192,0.2661036252975464,0.7622673511505127,0.2661036252975464,0.7622673511505127,0.5590722560882568,0.7622673511505127,0.2661036252975464,0.092140793800354,0.2661036252975464,0.092140793800354,0.4201464056968689,0.22686254978179932
1063,100,2.4691637142520637,1.1764019,0.07707703200607352,0.10009728305528265,0.17598353559311322,0.31197404861450195,0.8254290819168091,0.31197404861450195,0.8254290819168091,0.5027886033058167,0.8254290819168091,0.31197404861450195,0.12048232555389404,0.31197404861450195,0.12048232555389404,0.4551365375518799,0.24262326955795288
1064,100,1.8389825916853364,1.0919148,0.031339313809302216,0.1074481277864211,0.15426931942451425,0.41364938020706177,0.8653528094291687,0.41364938020706177,0.8653528094291687,0.7571501731872559,0.8653528094291687,0.41364938020706177,0.04448235034942627,0.41364938020706177,0.04448235034942627,0.5907918214797974,0.20118993520736694
1065,100,0.3748936540293755,1.0495856,0.08853030742443706,0.010601141019580096,0.09446513798740702,0.019492149353027344,0.6261356472969055,0.019492149353027344,0.6261356472969055,0.14800697565078735,0.6261356472969055,0.25912296772003174,0.11952811479568481,0.25912296772003174,0.11952811479568481,0.36022108793258667,0.2028622329235077
1066,100,1.0294308016648734,1.1333702,0.08695022691412488,0.25451372885161255,0.001933110577031938,0.38039666414260864,0.5919607877731323,0.38039666414260864,0.5919607877731323,0.5030663013458252,0.5919607877731323,0.38039666414260864,0.1269897222518921,0.38039666414260864,0.1269897222518921,0.4861787259578705,0.19627022743225098
1067,100,2.454229270130663,1.2248814,0.008742467797908493,0.13432075298324075,0.21655376439856483,0.3195488452911377,0.7143111228942871,0.3195488452911377,0.7143111228942871,0.5321073532104492,0.7143111228942871,0.3195488452911377,0.027706146240234375,0.3195488452911377,0.027706146240234375,0.4923339784145355,0.13251513242721558
1068,100,0.2006992739255405,1.0947937,0.047995373142620756,0.04199245448553873,0.24632765861272898,0.46276170015335083,0.7166509628295898,0.46276170015335083,0.7166509628295898,0.49174702167510986,0.7166509628295898,0.46276170015335083,0.06588029861450195,0.46276170015335083,0.06588029861450195,0.5394126176834106,0.11799037456512451
1069,100,1.8937092991859903,0.8727164,0.16272574332878753,0.0485823569608104,0.0758041708739762,0.2542402148246765,0.2542402148246765,0.2542402148246765,0.2542402148246765,0.11624741554260254,0.587139368057251,0.2542402148246765,0.1703481674194336,0.2542402148246765,0.1703481674194336,0.30559948086738586,0.2136332392692566
1070,100,2.2338691699275857,1.0651805,0.031516995639428,0.22124924810916913,0.062257893773954076,0.34441667795181274,0.37466907501220703,0.34441667795181274,0.37466907501220703,0.2565144896507263,0.645022988319397,0.34441667795181274,0.01815938949584961,0.34441667795181274,0.01815938949584961,0.4773091971874237,0.10565271973609924
1071,100,1.6271538420507343,1.3795747,0.10458202090408786,0.09085101923582062,0.4661662509325648,0.7835042476654053,1.1239466667175293,0.7835042476654053,1.1239466667175293,0.9769866466522217,1.1239466667175293,0.7835042476654053,0.03489220142364502,0.7835042476654053,0.03489220142364502,0.9267705678939819,0.10678541660308838
1072,100,1.6774798585121655,1.1225448,0.17111964359930715,0.19276518249224966,0.10859589964868299,0.2774927616119385,0.7109183669090271,0.2774927616119385,0.7109183669090271,0.6263002157211304,0.7109183669090271,0.3558043837547302,0.04331493377685547,0.3558043837547302,0.04331493377685547,0.5333613753318787,0.1866552233695984
1073,100,3.617524307307278,1.3863484,0.0824654492008729,0.21621678165348918,0.21193316251141925,0.29776716232299805,0.49278295040130615,0.29776716232299805,0.49278295040130615,0.695332407951355,1.021941065788269,0.29776716232299805,0.11097633838653564,0.29776716232299805,0.11097633838653564,0.5408164262771606,0.3148173689842224
1074,100,2.307039516176071,1.5564996,0.08298569620679774,0.15887043320436256,0.45655475981866345,0.7143758535385132,1.4675590991973877,0.7143758535385132,1.4675590991973877,1.0602729320526123,1.4675590991973877,0.7143758535385132,0.10077762603759766,0.7143758535385132,0.10077762603759766,0.9767517447471619,0.27067822217941284
1075,100,0.2133344733721065,1.3199039,0.16043371713601817,0.1441956555592444,0.19708748229641684,0.044991374015808105,1.0133558511734009,0.044991374015808105,1.0133558511734009,0.09624052047729492,1.0133558511734009,0.3075244426727295,0.19615507125854492,0.3075244426727295,0.19615507125854492,0.4441114068031311,0.3190590441226959
1076,100,2.975386339584148,1.7279701,0.11539469239433231,0.38657384026552377,0.2883982099080617,0.3737294673919678,0.6225125789642334,0.3737294673919678,0.6225125789642334,0.2921772003173828,1.6897724866867065,0.3737294673919678,0.05777096748352051,0.3737294673919678,0.05777096748352051,0.7847867012023926,0.28701090812683105
1077,100,3.6544528732518864,1.477654,0.03849651252281194,0.19681680215285802,0.37960687814811656,0.504667341709137,1.071295142173767,0.504667341709137,1.071295142173767,0.7026228904724121,1.071295142173767,0.504667341709137,0.016239643096923828,0.504667341709137,0.016239643096923828,0.7682846784591675,0.13671410083770752
1078,100,0.5270275384143763,1.5154749,0.1962928103724706,0.08811113084714439,0.3860939785684506,0.4208158254623413,1.22054123878479,0.4208158254623413,1.22054123878479,0.880967915058136,1.22054123878479,0.6419422626495361,0.03626227378845215,0.6419422626495361,0.03626227378845215,0.9014222621917725,0.16831380128860474
1079,100,2.1860131296487815,1.2823354,0.17452704202370947,0.2542548505557364,0.08755810725217839,0.23484551906585693,0.7630411982536316,0.23484551906585693,0.7630411982536316,0.5926527380943298,0.7630411982536316,0.34736108779907227,0.02823162078857422,0.34736108779907227,0.02823162078857422,0.5552011728286743,0.13826030492782593
1080,100,3.399732148006131,1.6161059,0.02152657677832359,0.3293532618158258,0.391341981314814,0.3111156225204468,1.3684539794921875,0.3111156225204468,1.3684539794921875,0.9938642978668213,1.3684539794921875,0.4713132381439209,0.04372894763946533,0.4713132381439209,0.04372894763946533,0.8697283267974854,0.23075050115585327
1081,100,1.6749617163014106,1.5940834,0.1400099321175684,0.03403826434920498,0.5525608957517903,0.8495355248451233,1.417510747909546,0.8495355248451233,1.417510747909546,0.9712077975273132,1.417510747909546,0.8495355248451233,0.05699753761291504,0.8495355248451233,0.05699753761291504,1.0564991235733032,0.16124218702316284
1082,100,2.390320812847715,1.4857428,0.21926483803803168,0.16632872927434672,0.012553347140243365,0.2790076732635498,0.2790076732635498,0.2790076732635498,0.2790076732635498,0.3976212739944458,0.6620924472808838,0.2790076732635498,0.06905269622802734,0.2790076732635498,0.06905269622802734,0.4705500602722168,0.2161649465560913
1083,100,2.90570838623507,1.520104,0.07677504161686421,0.2560289527363181,0.2418924624490778,0.25551021099090576,0.44094038009643555,0.25551021099090576,0.44094038009643555,0.4592472314834595,1.2445614337921143,0.25551021099090576,0.0989145040512085,0.25551021099090576,0.0989145040512085,0.5880957841873169,0.2780466675758362
1084,100,-0.1348011309984167,1.6153541,0.15807304294504682,0.11968833758556541,0.3643653343761295,0.4865325689315796,1.2969179153442383,0.4865325689315796,1.2969179153442383,0.6602774262428284,1.2969179153442383,0.4865325689315796,0.15878665447235107,0.4865325689315796,0.15878665447235107,0.6663839221000671,0.28809666633605957
1085,100,3.854691410692773,1.5968679,0.18888891529279125,0.19317828336429693,0.14802418352197544,0.1626279354095459,0.6099480986595154,0.1626279354095459,0.6099480986595154,0.4930732250213623,0.6099480986595154,0.23637795448303223,0.23024392127990723,0.23637795448303223,0.23024392127990723,0.4231630265712738,0.3998052477836609
1086,100,1.7224372244044113,1.4880947,0.06359211774062867,0.24428972053658382,0.2796277318284227,0.2996823787689209,1.0763635635375977,0.2996823787689209,1.0763635635375977,0.9054604768753052,1.0763635635375977,0.4303290843963623,0.008505940437316895,0.4303290843963623,0.008505940437316895,0.7669492363929749,0.15886420011520386
1087,100,0.9910411825928988,1.3962978,0.18389493509922256,0.12020929036117911,0.34778538875000164,0.32199525833129883,1.0474696159362793,0.32199525833129883,1.0474696159362793,0.7211350798606873,1.0474696159362793,0.5730101466178894,0.014527440071105957,0.5730101466178894,0.014527440071105957,0.829047679901123,0.10696792602539062
1088,100,1.9445063469281136,1.2440406,0.08460834916821869,0.29092244735416484,0.18427285662759418,0.521570086479187,0.8307689428329468,0.521570086479187,0.8307689428329468,0.18856918811798096,0.7697368860244751,0.521570086479187,0.1611621379852295,0.521570086479187,0.1611621379852295,0.49544650316238403,0.1453896164894104
1089,100,1.02367419877862,1.6460495,0.011971350541638781,0.09309674389788439,0.31631873138376904,0.4293334484100342,1.058921456336975,0.4293334484100342,1.058921456336975,0.3743574619293213,1.058921456336975,0.4293334484100342,0.08509230613708496,0.4293334484100342,0.08509230613708496,0.6341975927352905,0.1390000581741333
1090,100,0.0523678479898297,1.4325206,0.09019384505003189,0.024314310312066212,0.1662277190136337,0.3527430295944214,0.9771386384963989,0.3527430295944214,0.9771386384963989,0.623773455619812,0.9771386384963989,0.4177110195159912,0.16344618797302246,0.4177110195159912,0.16344618797302246,0.5609306693077087,0.2734021544456482
1091,100,2.613963616509724,1.47293,0.019631555655977517,0.15686951290265605,0.04429044655789825,0.30238962173461914,0.4619007110595703,0.30238962173461914,0.4619007110595703,0.3143810033798218,0.9216781258583069,0.30238962173461914,0.08818602561950684,0.30238962173461914,0.08818602561950684,0.4965321123600006,0.21870458126068115
1092,100,0.3671496785013414,1.306248,0.10996749060055669,0.015685251001844897,0.138402724004898,0.34034591913223267,0.5651940703392029,0.34034591913223267,0.5651940703392029,0.08108282089233398,0.5651940703392029,0.34034591913223267,0.14143240451812744,0.34034591913223267,0.14143240451812744,0.34481167793273926,0.1453089714050293
1093,100,0.6423093214886649,1.2157307,0.10751031346849552,0.12278183457470411,0.014265729440856287,0.25612902641296387,0.2439361810684204,0.25612902641296387,0.2439361810684204,0.16819429397583008,0.2439361810684204,0.009164929389953613,0.26585400104522705,0.009164929389953613,0.26585400104522705,0.126550555229187,0.440396249294281
1094,100,4.103816388625928,1.1334058,0.06898752733092145,0.22299985024322733,0.20271309798013687,0.5250309109687805,0.5841780304908752,0.5250309109687805,0.5841780304908752,0.14611685276031494,0.6016355752944946,0.5250309109687805,0.04362297058105469,0.5250309109687805,0.04362297058105469,0.5338195562362671,0.05028951168060303
1095,100,0.5008998433802598,1.6359007,0.01930895376041547,0.048896367453627756,0.24034192845788607,0.5238165855407715,0.7620702385902405,0.5238165855407715,0.7620702385902405,0.1946866512298584,0.7620702385902405,0.5238165855407715,0.05310535430908203,0.5238165855407715,0.05310535430908203,0.5763582587242126,0.07723581790924072
1096,100,-0.2662913567100075,1.1334811,0.030623440582727507,0.03206431712071907,0.09845798255242018,0.2792896032333374,0.368080735206604,0.2792896032333374,0.368080735206604,0.33147871494293213,0.368080735206604,0.056043028831481934,0.12042641639709473,0.056043028831481934,0.12042641639709473,0.09440499544143677,0.18800944089889526
1097,100,3.3792541710901753,1.3757784,0.01997474179030259,0.20253574282340564,0.051063685508323436,0.40219295024871826,0.4618944525718689,0.40219295024871826,0.4618944525718689,0.05847311019897461,0.662021815776825,0.40219295024871826,0.027042150497436523,0.40219295024871826,0.027042150497436523,0.4992072284221649,0.07115328311920166
1098,100,-0.5263089226710583,1.7174398,0.10854584255169328,0.027164822540332423,0.235167743465335,0.4854466915130615,0.5448935031890869,0.4854466915130615,0.5448935031890869,0.06220352649688721,0.5448935031890869,0.4854466915130615,0.02942037582397461,0.4854466915130615,0.02942037582397461,0.46402066946029663,0.018086910247802734
1099,100,0.6268941554259256,1.090922,0.10430337801012368,0.18003153104552683,0.12821329203258258,0.37388455867767334,0.19203543663024902,0.37388455867767334,0.19203543663024902,0.5715848207473755,0.3368638753890991,0.0389559268951416,0.24584370851516724,0.0389559268951416,0.24584370851516724,0.053420960903167725,0.3192380368709564
1100,100,3.7386550996809382,1.1930208,0.051159747789815246,0.20024412447951517,0.24020953898884617,0.3739403486251831,0.37738853693008423,0.3739403486251831,0.37738853693008423,0.2863117456436157,0.37738853693008423,0.055875182151794434,0.03495204448699951,0.055875182151794434,0.03495204448699951,0.25597473978996277,0.2651979923248291
1101,100,-0.12714394769387,1.6668271,0.05361350945795512,0.19340510195268407,0.3034735015782295,0.7690728306770325,0.7353220582008362,0.7690728306770325,0.7353220582008362,0.0348055362701416,0.7353220582008362,0.7690728306770325,0.06502294540405273,0.7690728306770325,0.06502294540405273,0.6860141754150391,0.0351557731628418
1102,100,-0.4604649391409363,1.0256613,0.06505242179554382,0.042509961169200305,0.23283337036154123,0.3753775358200073,0.17153400182724,0.3753775358200073,0.17153400182724,0.3725243806838989,0.17153400182724,0.08562684059143066,0.0812453031539917,0.08562684059143066,0.0812453031539917,0.07329362630844116,0.2007136046886444
1103,100,1.160572829128271,1.7460521,0.006745468402646448,0.13052058081651496,0.048502965839867795,0.30275046825408936,0.2920360565185547,0.30275046825408936,0.2920360565185547,0.06768059730529785,0.5158241987228394,0.30275046825408936,0.0023474693298339844,0.30275046825408936,0.0023474693298339844,0.41743630170822144,0.046357929706573486
1104,100,-0.4648781744801654,1.3734771,0.09930487422599008,0.11504244235987529,0.3154208105556744,0.7576120495796204,0.6597850322723389,0.7576120495796204,0.6597850322723389,0.17847466468811035,0.6597850322723389,0.7576120495796204,0.02447497844696045,0.7576120495796204,0.02447497844696045,0.7433393001556396,0.02891463041305542
1105,100,-0.7367803959782373,1.0407637,0.0021798967086163468,0.13341280787261495,0.15500299955151742,0.1963878870010376,0.0006808042526245117,0.1963878870010376,0.0006808042526245117,0.3211632966995239,0.0006808042526245117,0.021236538887023926,0.08407491445541382,0.021236538887023926,0.08407491445541382,0.048172593116760254,0.052740663290023804
1106,100,0.0529543422274731,1.0254124,0.15837828635759787,0.0008972088495889374,0.2648470019761639,0.3617004156112671,0.03605085611343384,0.3617004156112671,0.03605085611343384,0.4912787675857544,0.03605085611343384,0.10310280323028564,0.23870986700057983,0.10310280323028564,0.23870986700057983,0.13191503286361694,0.19877833127975464
1107,100,-1.3234459879339568,0.7740096,0.21357571658809554,0.23733474293730103,0.019363255179215333,0.3166865110397339,0.18057125806808472,0.3166865110397339,0.18057125806808472,0.539780855178833,0.18057125806808472,0.08443278074264526,0.2563517689704895,0.08443278074264526,0.2563517689704895,0.132502019405365,0.20369336009025574
1108,100,-1.0550447438804496,0.6265832,0.08501074670516351,0.2621878047579343,0.30412083188283046,0.20737957954406738,0.21358120441436768,0.20737957954406738,0.21358120441436768,0.4364798069000244,0.21358120441436768,0.09623897075653076,0.005303859710693359,0.09623897075653076,0.005303859710693359,0.15738683938980103,0.06129536032676697
1109,100,0.8081208596088927,0.5379499,0.2470572415700893,0.14850483097366463,0.3144825302141227,0.3067358136177063,0.3126252293586731,0.3067358136177063,0.3126252293586731,0.570771336555481,0.3126252293586731,0.1519005298614502,0.009454667568206787,0.1519005298614502,0.009454667568206787,0.23674678802490234,0.08797165751457214
1110,100,-3.285794586425576,0.23069565,0.246945875736843,0.47589378927984755,0.2930779544623806,0.6386309862136841,0.4851498007774353,0.6386309862136841,0.4851498007774353,0.6238945722579956,0.46835511922836304,0.3204783797264099,0.16151021420955658,0.3204783797264099,0.16151021420955658,0.3116026818752289,0.15354764461517334
1111,100,-1.473428588983971,0.08626349,0.032607650953982104,0.4256899862188551,0.6279329382894476,0.9437537789344788,0.4732953906059265,0.9437537789344788,0.4732953906059265,1.2930442094802856,0.4732953906059265,0.32160234451293945,0.12490107119083405,0.32160234451293945,0.12490107119083405,0.4611082077026367,0.09437954425811768
1112,100,1.5777397875399215,-0.24152292,0.7966636288591061,0.07571353746699727,0.6486067431322793,1.1456247568130493,0.6350641250610352,1.1456247568130493,0.6350641250610352,1.7244700193405151,0.798095703125,0.6350641250610352,0.0901871770620346,0.6350641250610352,0.0901871770620346,0.8537460565567017,0.08971194922924042
1113,100,-5.136578436498889,0.20536387,0.32646509125441514,0.6572964488683888,0.04754187669957055,0.9519975185394287,0.7494416236877441,0.9519975185394287,0.7494416236877441,1.239502191543579,0.7494416236877441,0.5255509614944458,0.09443265944719315,0.5255509614944458,0.09443265944719315,0.637496292591095,0.07703424990177155
1114,100,-1.5230762703265872,0.04329192,0.05073308368626339,0.45058754000083057,0.9578302080368567,1.4684369564056396,0.8051711320877075,1.4684369564056396,0.8051711320877075,1.7524182796478271,0.8051711320877075,0.5965182781219482,0.2075493335723877,0.5965182781219482,0.2075493335723877,0.8080347776412964,0.13167704641819
1115,100,1.38464872739257,-0.47765923,0.9279716396800329,0.05472755345717517,0.7275257674765955,1.1766951084136963,0.6774308085441589,1.1766951084136963,0.6774308085441589,1.920018196105957,0.7861238121986389,0.6774308085441589,0.08551806211471558,0.6774308085441589,0.08551806211471558,0.9913760423660278,0.0712064802646637
1116,100,-4.52108619288595,-0.09774038,0.308122982159001,0.9609138675008442,0.05661727986026466,1.3771995306015015,1.022851824760437,1.3771995306015015,1.022851824760437,1.684438705444336,1.022851824760437,0.7108346223831177,0.05739980936050415,0.7108346223831177,0.05739980936050415,0.8668432235717773,0.032128989696502686
1117,100,0.4149845441439526,-0.6342344,0.0011723649598449626,0.5251702638518998,1.5030502383389166,2.4290738105773926,1.1292169094085693,2.4290738105773926,1.1292169094085693,2.6324737071990967,1.1292169094085693,0.7554368376731873,0.045179903507232666,0.7554368376731873,0.045179903507232666,1.104413390159607,0.03243142366409302
1118,100,1.1771144384908208,-0.28635627,0.5819368081813823,0.025494607939957614,0.8716247089181568,1.1676521301269531,0.38172194361686707,1.1676521301269531,0.38172194361686707,1.889754056930542,0.38172194361686707,0.2206912785768509,0.011567890644073486,0.2206912785768509,0.011567890644073486,0.587999701499939,0.03806522488594055
1119,100,-4.7434434561237735,-0.078861415,0.07980478880126873,1.1966424714453852,0.053368320374964195,1.7169568538665771,1.0533714294433594,1.7169568538665771,1.0533714294433594,1.731095314025879,1.0533714294433594,1.1219558715820312,0.18957528471946716,1.1219558715820312,0.18957528471946716,1.0876636505126953,0.20844334363937378
1120,100,-0.1121969670930633,-0.48593092,0.0006704008657980598,0.10803214776972969,1.4183708688090602,2.112149477005005,0.5952022671699524,2.112149477005005,0.5952022671699524,2.1359081268310547,0.5952022671699524,1.0417916774749756,0.0727272629737854,1.0417916774749756,0.0727272629737854,0.9541657567024231,0.08151358366012573
1121,100,1.0508719677623486,-0.20747222,0.86189265154891,0.001196267089688119,0.40087847270814003,1.2939372062683105,0.72406005859375,1.2939372062683105,0.72406005859375,1.4436795711517334,0.14187346398830414,0.72406005859375,0.16915445029735565,0.72406005859375,0.16915445029735565,0.5248729586601257,0.20633719861507416
1122,100,-5.178129762701582,-0.52493495,0.10671388924992375,1.4093386399402854,0.038429269445515946,1.9829869270324707,1.3530008792877197,1.9829869270324707,1.3530008792877197,2.030445098876953,1.3530008792877197,1.3334507942199707,0.15173882246017456,1.3334507942199707,0.15173882246017456,1.3432258367538452,0.1517099142074585
1123,100,-1.6873480827470624,-0.883008,0.0187321451214173,0.23798190625672477,1.6123154430659776,2.9995460510253906,0.3983592092990875,2.9995460510253906,0.3983592092990875,3.0809051990509033,0.3983592092990875,0.49179646372795105,0.003529071807861328,0.49179646372795105,0.003529071807861328,0.508276641368866,0.0047730207443237305
1124,100,0.0692049969506779,-0.44160086,0.8080546467523395,0.006900694707722144,0.5090054009250553,1.2028284072875977,0.5408555269241333,1.2028284072875977,0.5408555269241333,1.7732434272766113,0.20720867812633514,0.5408555269241333,0.07930988073348999,0.5408555269241333,0.07930988073348999,0.5832090377807617,0.07259184122085571
1125,100,-4.962610455581167,-0.67125463,0.23905388395145177,1.3493815851989892,0.0020724569680969918,1.997502326965332,1.248329758644104,1.997502326965332,1.248329758644104,2.2439069747924805,1.248329758644104,0.8120559453964233,0.052677810192108154,0.8120559453964233,0.052677810192108154,1.0301928520202637,0.05554831027984619
1126,100,0.0858044495724177,-1.5228335,0.10409054387667993,0.5588810214503992,1.6555834083443448,2.8286333084106445,0.9992000460624695,2.8286333084106445,0.9992000460624695,3.2841110229492188,0.9992000460624695,0.5015866756439209,0.0014820098876953125,0.5015866756439209,0.0014820098876953125,0.757800817489624,0.0350303053855896
1127,100,-0.6255801599586219,-0.86396456,0.3172524066776341,0.17694839863970757,1.1331222140873523,0.7021418809890747,0.14034616947174072,0.7021418809890747,0.14034616947174072,2.414468288421631,0.14034616947174072,0.17334496974945068,0.0031828880310058594,0.17334496974945068,0.0031828880310058594,0.17172563076019287,0.20404231548309326
1128,100,-5.077716528358331,-1.4388127,0.11104201151640591,1.6196129692148709,0.4335817946473146,2.750804901123047,0.736987829208374,2.750804901123047,0.736987829208374,2.722402572631836,0.6848781108856201,0.7527436017990112,0.0005447864532470703,0.7527436017990112,0.0005447864532470703,0.726134717464447,0.004151105880737305
1129,100,-1.3611881382330664,-1.6389236,0.14057022001581565,0.1822107740617085,2.051852267683576,3.44690203666687,0.8738293647766113,3.44690203666687,0.8738293647766113,3.431255340576172,0.8738293647766113,0.8216629028320312,0.03648972511291504,0.8216629028320312,0.03648972511291504,0.8044126629829407,0.03729701042175293
1130,100,0.7126576729953831,-0.6827303,0.7884918699661891,0.34985452631802083,0.3518072405375565,1.1629189252853394,0.062441468238830566,1.1629189252853394,0.062441468238830566,1.1075146198272705,0.2914884686470032,0.062441468238830566,0.03068721294403076,0.062441468238830566,0.03068721294403076,0.03755345940589905,0.02582240104675293
1131,100,-4.208432577755713,-1.448881,0.19001395868527937,1.16253582786295,0.7161420148467692,1.5884087085723877,0.21423137187957764,1.5884087085723877,0.21423137187957764,2.1848807334899902,0.5681610107421875,0.15555167198181152,0.040819525718688965,0.15555167198181152,0.040819525718688965,0.2668688893318176,0.02182668447494507
1132,100,-0.4545235106992225,-1.3502996,0.01829528325330143,0.4319803991332596,1.6754309417379067,2.827727794647217,1.222205400466919,2.827727794647217,1.222205400466919,3.2863683700561523,1.222205400466919,0.7621275186538696,0.04455757141113281,0.7621275186538696,0.04455757141113281,1.1199266910552979,0.023056864738464355
1133,100,1.0646780582820448,-1.1878905,0.6435114486955902,0.052181000011585876,1.3152208164129466,1.4569649696350098,0.7250628471374512,1.4569649696350098,0.7250628471374512,3.1194868087768555,0.7250628471374512,0.3689144253730774,0.0691683292388916,0.3689144253730774,0.0691683292388916,0.8608530759811401,0.19455546140670776
1134,100,-4.493652286344734,-1.16689,0.2035167488394325,1.577042518663652,0.08276918876109662,2.662654399871826,1.4132853746414185,2.662654399871826,1.4132853746414185,2.829930067062378,1.4132853746414185,1.2505552768707275,0.09765887260437012,1.2505552768707275,0.09765887260437012,1.3319203853607178,0.09753012657165527
1135,100,-0.2356685062669937,-2.2321599,0.08450329319103522,0.34598606609806604,2.452538783249166,4.1727294921875,1.1540884971618652,4.1727294921875,1.1540884971618652,4.33721923828125,1.1540884971618652,1.0522568225860596,0.06867098808288574,1.0522568225860596,0.06867098808288574,1.1968594789505005,0.08023345470428467
1136,100,-0.0775048844107014,-1.039646,0.5878557353648532,0.025302501248125164,0.9076386667608805,0.8245319724082947,0.24111413955688477,0.8245319724082947,0.24111413955688477,2.8330230712890625,0.24111413955688477,0.1862238645553589,0.1566321849822998,0.1862238645553589,0.1566321849822998,0.30123820900917053,0.37541496753692627
1137,100,-3.573901912843309,-1.7454618,0.1488192399061221,2.0941144947692285,0.08562215536679174,3.492833375930786,1.7701774835586548,3.492833375930786,1.7701774835586548,3.706770896911621,1.7701774835586548,1.6781748533248901,0.1792891025543213,1.6781748533248901,0.1792891025543213,1.7241761684417725,0.18748366832733154
1138,100,0.9493977302038564,-2.0862286,0.12166150937119324,0.24473374814460813,2.140053388358596,3.950860023498535,0.8499358892440796,3.950860023498535,0.8499358892440796,4.016694068908691,0.8499358892440796,0.759127140045166,0.0049479007720947266,0.759127140045166,0.0049479007720947266,0.8012155890464783,0.00331270694732666
1139,100,2.488234241603939,-1.3188179,0.5516733740187572,0.35173513958729874,0.829754093047423,0.17294371128082275,0.07848048210144043,0.17294371128082275,0.07848048210144043,1.5132501125335693,0.07848048210144043,0.10016441345214844,0.012592077255249023,0.10016441345214844,0.012592077255249023,0.06595802307128906,0.09590566158294678
1140,100,-4.067548363311029,-1.1329767,0.05888953007424824,1.210826087947871,0.48976293610748134,2.5704169273376465,0.4511098861694336,2.5704169273376465,0.4511098861694336,2.8994081020355225,0.5013818144798279,0.5634294152259827,0.04437685012817383,0.5634294152259827,0.04437685012817383,0.5951582193374634,0.04905134439468384
1141,100,2.073526375914136,-2.2300136,0.029508562700957697,0.03299245689563568,2.5582566935492244,4.332891464233398,0.9732543230056763,4.332891464233398,0.9732543230056763,4.345545768737793,0.9732543230056763,2.2094109058380127,0.020642518997192383,2.2094109058380127,0.020642518997192383,1.8229591846466064,0.013905048370361328
1142,100,3.098071350991934,0.3853599,1.030039012355288,0.6260574699677143,0.3503696986848544,1.5484596490859985,1.364033818244934,1.5484596490859985,1.364033818244934,0.9414459466934204,0.008953601121902466,1.364033818244934,0.7476133108139038,1.364033818244934,0.7476133108139038,0.6864936947822571,1.1328086853027344
1143,100,-4.7727183020926915,-0.016314268,0.03289795882001362,1.5291199050459663,1.1240256877289603,1.7888474464416504,1.8463795185089111,1.7888474464416504,1.8463795185089111,1.5330464839935303,0.8195368051528931,1.969630241394043,0.18275296688079834,1.969630241394043,0.18275296688079834,1.32802414894104,0.8078132271766663
1144,100,2.0937976439414587,-2.4485438,0.11250947138672229,0.2281304315449444,2.812818590084353,4.887850761413574,1.0357557535171509,4.887850761413574,1.0357557535171509,4.883246421813965,1.0357557535171509,2.9806532859802246,0.23246359825134277,2.9806532859802246,0.23246359825134277,2.1534295082092285,0.1995929479598999
1145,100,4.124518565678848,0.52716994,0.971874629432188,0.49173487831688,0.7177590721789298,1.4596291780471802,1.4672173261642456,1.4596291780471802,1.4672173261642456,1.0144615173339844,1.8020883798599243,1.4672173261642456,0.4408005475997925,1.4672173261642456,0.4408005475997925,0.7996029853820801,0.8307542204856873
1146,100,-4.861636416041068,1.1113681,0.24630585959328377,1.3481561667397872,1.7043031785649942,3.1905040740966797,1.620142936706543,3.1905040740966797,1.620142936706543,1.0266493558883667,1.620142936706543,3.1905040740966797,0.8224236369132996,3.1905040740966797,0.8224236369132996,1.9974825382232666,0.8579205274581909
1147,100,2.3185895388140305,-1.7003074,0.054561822953604455,0.23703775504968805,2.370545722313762,3.8549153804779053,0.6785123348236084,3.8549153804779053,0.6785123348236084,3.8565127849578857,0.6785123348236084,2.594910144805908,0.036188602447509766,2.594910144805908,0.036188602447509766,2.008816957473755,0.07649564743041992
1148,100,3.5282903391191356,1.5854155,0.47236784772236917,0.728370613293703,0.9483918311823272,0.01393437385559082,2.838362216949463,0.01393437385559082,2.838362216949463,0.9665548801422119,2.838362216949463,1.2440828084945679,0.6185394525527954,1.2440828084945679,0.6185394525527954,1.8042821884155273,0.4488251805305481
1149,100,-3.9637933167464823,1.7137322,0.13968602336200675,1.1390186332908696,2.2715625634538554,3.6199140548706055,3.246824026107788,3.6199140548706055,3.246824026107788,0.24243545532226562,3.246824026107788,3.6199140548706055,0.4315066337585449,3.6199140548706055,0.4315066337585449,3.242954730987549,0.6582787036895752
1150,100,1.3543451739659105,-2.7705016,0.07993411521116967,0.3285516280540077,3.4459871179152186,5.421282768249512,1.9106972217559814,5.421282768249512,1.9106972217559814,5.4206037521362305,1.9106972217559814,4.153430461883545,0.23890471458435059,4.153430461883545,0.23890471458435059,3.3483047485351562,0.18185710906982422
1151,100,3.2412095706637136,1.691519,0.2983758011480784,0.4951518651392449,0.9304021992736664,0.2470771074295044,2.583578586578369,0.2470771074295044,2.583578586578369,1.2062478065490723,2.583578586578369,1.0082523822784424,0.5289640426635742,1.0082523822784424,0.5289640426635742,1.4585096836090088,0.4772305488586426
1152,100,-3.040416567513109,1.6740853,0.08836193433946793,0.9478784789846528,1.9395536117230086,3.3359694480895996,2.591909170150757,3.3359694480895996,2.591909170150757,0.33600103855133057,2.591909170150757,3.3359694480895996,0.2921619415283203,3.3359694480895996,0.2921619415283203,2.8959450721740723,0.4937731623649597
1153,100,0.6815962135495257,-2.1480556,0.030566832377123987,0.1680632487861149,2.729973371188665,4.3360700607299805,1.7722411155700684,4.3360700607299805,1.7722411155700684,4.302360534667969,1.7722411155700684,3.2099051475524902,0.011185169219970703,3.2099051475524902,0.011185169219970703,2.798626661300659,0.044541358947753906
1154,100,2.0682318919462523,1.7361023,0.3281764990403684,0.757608150455243,0.856312611386743,0.12901031970977783,2.4391613006591797,0.12901031970977783,2.4391613006591797,0.428525447845459,2.4391613006591797,0.8405791521072388,0.4492945671081543,0.8405791521072388,0.4492945671081543,1.723027229309082,0.2419455647468567
1155,100,-2.7736031380898485,1.4895988,0.0004365726396495795,0.8417626524734538,1.8431618614154273,3.1922495365142822,2.2041447162628174,3.1922495365142822,2.2041447162628174,0.3708925247192383,2.2041447162628174,3.1922495365142822,0.19618010520935059,3.1922495365142822,0.19618010520935059,2.656473159790039,0.5185953378677368
1156,100,0.1052766846801355,-2.5709617,0.1943189584461278,0.02739051926586633,2.8575956223602965,5.36376953125,1.6387890577316284,5.36376953125,1.6387890577316284,5.413804054260254,1.6387890577316284,2.1721274852752686,0.06241726875305176,2.1721274852752686,0.06241726875305176,2.1336841583251953,0.10792458057403564
1157,100,1.8712068694349344,0.9783611,0.1150429466950526,0.5458130694004065,0.061460466536971736,1.1185886859893799,1.0161070823669434,1.1185886859893799,1.0161070823669434,0.2952422499656677,1.0161070823669434,1.1185886859893799,0.8563271760940552,1.1185886859893799,0.8563271760940552,1.0673478841781616,0.7540152072906494
1158,100,-3.232154831205176,0.7409272,0.04641947339695346,1.0071987150576212,1.4024568054236193,2.4152421951293945,1.7652437686920166,2.4152421951293945,1.7652437686920166,0.9413332939147949,1.7652437686920166,2.4152421951293945,0.02676522731781006,2.4152421951293945,0.02676522731781006,2.089426040649414,0.7344262003898621
1159,100,0.977555414751398,-2.7945812,0.17607866068885913,0.1562270832686492,2.765437313141077,5.401442050933838,1.728560209274292,5.401442050933838,1.728560209274292,5.347262382507324,1.728560209274292,1.9418997764587402,0.0052356719970703125,1.9418997764587402,0.0052356719970703125,1.8674118518829346,0.09600615501403809
1160,100,1.932875666626166,0.8003992,0.4748754172211455,0.7083274921805589,0.21932261901878808,1.2056714296340942,0.7171623110771179,1.2056714296340942,0.7171623110771179,0.3859034776687622,0.7171623110771179,1.2056714296340942,0.1316906213760376,1.2056714296340942,0.1316906213760376,0.9614168405532837,0.42414093017578125
1161,100,-4.289236968017862,1.316311,0.06173424100138525,0.7511087627601379,1.6361127147047787,3.2847650051116943,2.073368787765503,3.2847650051116943,2.073368787765503,0.5643985271453857,2.073368787765503,3.2847650051116943,0.21794962882995605,3.2847650051116943,0.21794962882995605,2.666055679321289,0.5705062747001648
1162,100,2.312771153223298,-2.98076,0.12133935465128509,0.07157097508509924,3.179007198187904,5.663759231567383,2.2246596813201904,5.663759231567383,2.2246596813201904,5.656912803649902,2.2246596813201904,3.3733785152435303,0.06336522102355957,3.3733785152435303,0.06336522102355957,3.230674982070923,0.08063066005706787
1163,100,0.8875897707462407,1.4047993,0.24013090631012424,0.5362387027437845,0.7706353380968889,0.01059579849243164,2.2363383769989014,0.01059579849243164,2.2363383769989014,0.6686369180679321,2.2363383769989014,0.6990489959716797,0.5510886907577515,0.6990489959716797,0.5510886907577515,1.1613807678222656,0.39691221714019775
1164,100,-4.16624166607199,1.27424,0.0858944414049081,0.8749132887604312,1.6628277992311213,2.7324891090393066,1.6830631494522095,2.7324891090393066,1.6830631494522095,0.6569256782531738,1.6830631494522095,3.1291258335113525,0.40752750635147095,3.1291258335113525,0.40752750635147095,2.2828283309936523,0.7922762632369995
1165,100,3.1994723596544947,-2.6810308,0.2525921952862715,0.23655986217493785,3.0529684108326722,5.477570056915283,2.061082363128662,5.477570056915283,2.061082363128662,5.481655120849609,2.061082363128662,4.007447719573975,0.14941120147705078,4.007447719573975,0.14941120147705078,4.068746566772461,0.09097599983215332
1166,100,-0.0046409227998254,1.5634116,0.16672323797781452,0.22657335123296884,1.226125538541177,1.0201940536499023,1.4645726680755615,1.0201940536499023,1.4645726680755615,0.6997239589691162,1.4645726680755615,1.0201940536499023,0.5688396692276001,1.0201940536499023,0.5688396692276001,1.2868351936340332,0.5298463106155396
1167,100,-1.6560195025833266,-0.7111653,0.15251566750026224,1.2036941045338345,0.363288025765382,2.270357131958008,2.336078643798828,2.270357131958008,2.336078643798828,2.47090482711792,0.030901670455932617,1.9797483682632446,0.02907508611679077,1.9797483682632446,0.02907508611679077,1.0594195127487183,0.5708249807357788
1168,100,0.5364648658363618,-2.3872676,0.13490399099963257,0.40692151026781054,3.0059939884033398,5.039983749389648,1.8720309734344482,5.039983749389648,1.8720309734344482,5.2578840255737305,1.8720309734344482,4.088996410369873,0.0009138584136962891,4.088996410369873,0.0009138584136962891,2.9808855056762695,0.1568458080291748
1169,100,-2.9040264970787453,2.07062,0.03303426376118268,0.04445315706719599,1.7499014516825122,2.129149913787842,2.3620567321777344,2.129149913787842,2.3620567321777344,0.5219200849533081,2.3620567321777344,2.129149913787842,0.21612143516540527,2.129149913787842,0.21612143516540527,2.127558946609497,0.21621346473693848
1170,100,-1.2904190232226145,-1.665421,0.2866683924423461,0.9360659701871299,0.3945952626489281,3.267662286758423,1.1818981170654297,3.267662286758423,1.1818981170654297,3.35517954826355,1.197983741760254,1.1596417427062988,0.15386486053466797,1.1596417427062988,0.15386486053466797,1.168522834777832,0.15821456909179688
1171,100,-0.994687213381171,-1.7160493,0.39127677420467855,0.06687405856511908,2.2125259574592313,4.167990684509277,1.5758540630340576,4.167990684509277,1.5758540630340576,3.7919907569885254,1.5758540630340576,2.0456981658935547,0.0399928092956543,2.0456981658935547,0.0399928092956543,2.095785617828369,0.46186476945877075
1172,100,-2.555345164986657,-0.38872337,0.03618104306539305,0.945174383671628,0.3517397562637159,2.4546420574188232,1.9503084421157837,2.4546420574188232,1.9503084421157837,2.349933624267578,0.9805286526679993,1.865027904510498,0.045327186584472656,1.865027904510498,0.045327186584472656,1.4371980428695679,0.5362955331802368
1173,100,-2.0394972416069987,-2.6359198,0.13281871255525646,0.29191081659849094,2.1980321747970955,3.917646884918213,2.383213996887207,3.917646884918213,2.383213996887207,4.306143760681152,2.383213996887207,1.6458948850631714,0.1869492530822754,1.6458948850631714,0.1869492530822754,2.050528049468994,0.25859594345092773
1174,100,-1.2420583382228725,-2.0901124,0.189182847571844,0.4875273607107984,1.8289686749174012,2.3259356021881104,2.8660125732421875,2.3259356021881104,2.8660125732421875,3.048360586166382,2.8660125732421875,1.7481400966644287,0.7376444339752197,1.7481400966644287,0.7376444339752197,2.1397509574890137,0.5944077968597412
1175,100,-2.043367103517904,-1.8267453,0.24375939954238657,0.8188198564119666,1.0965103785926633,1.016397476196289,2.4631752967834473,1.016397476196289,2.4631752967834473,3.506317138671875,2.4631752967834473,1.016397476196289,0.6406364440917969,1.016397476196289,0.6406364440917969,1.8042653799057007,0.4711308479309082
1176,100,-1.7686777909672629,-2.5646162,0.04438977802485988,0.2211516185878073,2.3046313983698683,3.7003188133239746,3.1992647647857666,3.7003188133239746,3.1992647647857666,4.407929420471191,3.1992647647857666,1.7807930707931519,0.3679318428039551,1.7807930707931519,0.3679318428039551,2.4717369079589844,0.5106875896453857
1177,100,-1.4095718767860588,-2.6950967,0.03467341829923409,0.38063149718100453,2.0862584457351887,3.488400459289551,3.6758599281311035,3.488400459289551,3.6758599281311035,3.8549842834472656,3.6758599281311035,2.3034510612487793,0.5633869171142578,2.3034510612487793,0.5633869171142578,2.7505996227264404,0.5110193490982056
1178,100,-2.3456609649621076,-2.2303963,0.10443041204791692,0.5744419514307191,1.4422288710712312,1.4226419925689697,3.080031394958496,1.4226419925689697,3.080031394958496,3.4273324012756348,3.080031394958496,1.4226419925689697,0.4998912811279297,1.4226419925689697,0.4998912811279297,2.1880500316619873,0.4264967441558838
1179,100,-1.842295666881704,-2.8807483,0.04270571033723147,0.4436949261966643,1.9217962471838672,3.151865243911743,3.471898317337036,3.151865243911743,3.471898317337036,3.9640281200408936,3.471898317337036,2.104923963546753,0.2744460105895996,2.104923963546753,0.2744460105895996,2.7018022537231445,0.2332702875137329
1180,100,-1.9952401388183043,-2.438697,0.1984357189745527,0.46077181284293434,1.7594511199268896,2.4979088306427,3.0266025066375732,2.4979088306427,3.0266025066375732,3.462006092071533,3.0266025066375732,1.947008490562439,0.6719100475311279,1.947008490562439,0.6719100475311279,2.471003770828247,0.7094120979309082
1181,100,-0.970046496271588,-2.287903,0.11739683844456317,0.6291568877809133,1.2552009443800471,1.7012760639190674,3.170562744140625,1.7012760639190674,3.170562744140625,3.5572004318237305,3.170562744140625,1.7012760639190674,0.4494357109069824,1.7012760639190674,0.4494357109069824,2.4390599727630615,0.33588671684265137
1182,100,-2.751881295595001,-2.4304879,0.13252749113538842,0.3240769891471593,1.7052344583819825,2.335301637649536,2.6761670112609863,2.335301637649536,2.6761670112609863,3.2415106296539307,2.6761670112609863,1.7016934156417847,0.5406980514526367,1.7016934156417847,0.5406980514526367,2.184572696685791,0.6331148147583008
1183,100,-1.557908341734504,-3.046655,0.11892567749080785,0.5423040825271932,1.7374172377115267,3.5392353534698486,3.551593780517578,3.5392353534698486,3.551593780517578,4.327182292938232,3.551593780517578,2.057316541671753,0.08622956275939941,2.057316541671753,0.08622956275939941,2.769054412841797,0.09022188186645508
1184,100,-0.5841013708167604,-2.1808043,0.5086175981793826,0.40336718794304116,1.484342382318273,2.6972434520721436,2.3632943630218506,2.6972434520721436,2.3632943630218506,2.586320400238037,2.3632943630218506,2.0369820594787598,0.23578500747680664,2.0369820594787598,0.23578500747680664,1.8463363647460938,0.6324917078018188
1185,100,-4.274788060642358,-2.0449123,0.06380856458635353,0.529762411106032,0.6204966304862161,0.7683931589126587,2.0516104698181152,0.7683931589126587,2.0516104698181152,2.791938304901123,2.0516104698181152,0.7683931589126587,0.3918924331665039,0.7683931589126587,0.3918924331665039,1.4164090156555176,0.19776344299316406
1186,100,-1.1317147178272964,-3.206044,0.14399994630046553,0.36778161997980496,1.8186885205727974,3.941558361053467,3.3499696254730225,3.941558361053467,3.3499696254730225,4.168532371520996,3.3499696254730225,2.432861566543579,0.06724309921264648,2.432861566543579,0.06724309921264648,2.9617466926574707,0.08877885341644287
1187,100,0.5542505583814551,-1.119704,0.9503582030457934,0.3320454942811397,0.9283502422964449,1.7124474048614502,2.0257394313812256,1.7124474048614502,2.0257394313812256,1.6822853088378906,1.4068108797073364,2.0257394313812256,0.18336540460586548,2.0257394313812256,0.18336540460586548,1.490100622177124,0.872044563293457
1188,100,-4.07282257826845,-1.7719462,0.03581780641374954,0.7120418567274445,0.08714344564351606,2.775055408477783,0.9040279984474182,2.775055408477783,0.9040279984474182,2.850770950317383,1.8918448686599731,1.2155414819717407,0.06180834770202637,1.2155414819717407,0.06180834770202637,1.6685070991516113,0.25399529933929443
1189,100,-0.3792716040074244,-3.7620838,0.3736572109188412,0.21782284992974255,2.188272881702459,4.8821916580200195,4.21297550201416,4.8821916580200195,4.21297550201416,4.862663745880127,4.21297550201416,3.409818172454834,0.18870067596435547,3.409818172454834,0.18870067596435547,3.430867910385132,0.15763592720031738
1190,100,0.3878271562198243,-0.35636374,0.720585361558342,0.25137004023257825,0.2805491411911252,1.7172141075134277,1.309512734413147,1.7172141075134277,1.309512734413147,0.23449304699897766,0.045788735151290894,1.309512734413147,0.32529714703559875,1.309512734413147,0.32529714703559875,0.8177781105041504,0.4581824541091919
1191,100,-3.504163968517072,-0.08183719,0.06522186300189226,0.5345852015559207,1.2897341845115435,0.9169806241989136,0.8405171632766724,0.9169806241989136,0.8405171632766724,1.091827154159546,0.8405171632766724,0.9169806241989136,0.05201287567615509,0.9169806241989136,0.05201287567615509,0.8679150938987732,0.5694629549980164
1192,100,0.4822722794747535,-3.1904662,0.27059015445411205,0.14609014302415346,1.6151745458584776,4.033608913421631,2.8652191162109375,4.033608913421631,2.8652191162109375,4.025820732116699,2.8652191162109375,2.55525803565979,0.00974893569946289,2.55525803565979,0.00974893569946289,2.562375545501709,0.023257017135620117
1193,100,0.1522421913351188,0.32699883,0.6607654250108499,0.26737001763586354,0.4523682238156441,1.6862459182739258,1.0158408880233765,1.6862459182739258,1.0158408880233765,1.053581953048706,0.5878543853759766,1.0158408880233765,0.2558695077896118,1.0158408880233765,0.2558695077896118,0.7191793918609619,0.17559820413589478
1194,100,-2.581799429273151,0.0061176643,0.09884214557425686,0.3016524328578173,1.3136615554363662,0.44879546761512756,0.472123384475708,0.44879546761512756,0.472123384475708,0.36844003200531006,0.472123384475708,0.6133241653442383,0.017157122492790222,0.6133241653442383,0.017157122492790222,0.46361762285232544,0.32205620408058167
1195,100,-1.142285061623284,-3.4458117,0.28399396153915824,0.05675183125224281,2.1379838515956378,4.328553199768066,4.008641242980957,4.328553199768066,4.008641242980957,4.316530227661133,4.008641242980957,4.095756530761719,0.049314260482788086,4.095756530761719,0.049314260482788086,4.099353313446045,0.04014015197753906
1196,100,0.2001155948330238,0.031278946,0.3631485364179021,0.14145479562509888,0.7010936049226021,0.31588563323020935,1.2331689596176147,0.31588563323020935,1.2331689596176147,1.143419861793518,1.2331689596176147,0.31588563323020935,0.06878374516963959,0.31588563323020935,0.06878374516963959,0.7256791591644287,0.33956584334373474
1197,100,-4.1055038992073705,-1.2424133,0.06560359490696083,0.3338984898787595,0.4055827311224132,0.12247812747955322,0.32110345363616943,0.12247812747955322,0.32110345363616943,1.4567762613296509,0.32110345363616943,0.12247812747955322,0.23014485836029053,0.12247812747955322,0.23014485836029053,0.3182952404022217,0.3818584680557251
1198,100,-1.4829628242570176,-3.282353,0.5225306176724511,0.3395088897230705,1.3550794007467848,3.678690195083618,2.6139075756073,3.678690195083618,2.6139075756073,3.703886032104492,2.6139075756073,2.0906119346618652,0.018563032150268555,2.0906119346618652,0.018563032150268555,2.122645854949951,0.015102028846740723
1199,100,-0.5591102071669877,-0.7647028,0.8074718294633219,0.03213047142751846,0.27795677802355867,1.3778035640716553,1.5105798244476318,1.3778035640716553,1.5105798244476318,0.7585864067077637,0.23673510551452637,1.5105798244476318,0.07049977779388428,1.5105798244476318,0.07049977779388428,0.9219810962677002,0.3650309443473816
1200,100,-3.3012595961300653,-0.82643366,0.06342221179471397,0.257768089111728,0.5732954850874815,0.12675267457962036,0.06637746095657349,0.12675267457962036,0.06637746095657349,1.3394346237182617,0.06637746095657349,0.12675267457962036,0.24175715446472168,0.12675267457962036,0.24175715446472168,0.31714221835136414,0.22112524509429932
1201,100,-1.795927740411034,-2.3156152,0.2441023840309724,0.13899435725101483,0.7694851939095975,2.46838641166687,1.3505830764770508,2.46838641166687,1.3505830764770508,2.475891590118408,1.3505830764770508,0.9973270893096924,0.1765139102935791,0.9973270893096924,0.1765139102935791,0.9257423877716064,0.24584662914276123
1202,100,1.3053838825491124,-1.4743376,0.4867582555949894,0.2076818195533302,0.5938900547722977,1.7166764736175537,0.8154135942459106,1.7166764736175537,0.8154135942459106,1.2896230220794678,0.8154135942459106,1.2276915311813354,0.16402971744537354,1.2276915311813354,0.16402971744537354,0.8757385611534119,0.5551632046699524
1203,100,-3.369243394357889,-1.1688497,0.09679704638281258,0.19338699035935442,0.10659258208426434,1.5854265689849854,0.6466569900512695,1.5854265689849854,0.6466569900512695,1.7954275608062744,0.04695999622344971,0.36886292695999146,0.4494779109954834,0.36886292695999146,0.4494779109954834,0.6752954721450806,0.27311718463897705
1204,100,-2.697598373994002,-3.44805,0.8044598879375824,0.28349565033548085,1.040782317698411,3.1225671768188477,2.2455101013183594,3.1225671768188477,2.2455101013183594,3.1845860481262207,2.2455101013183594,1.4204301834106445,0.20769715309143066,1.4204301834106445,0.20769715309143066,1.5610918998718262,0.11888861656188965
1205,100,-0.9711000365750446,-0.90815264,0.5957109377914688,0.32982545197522106,0.5362830113914004,1.019230604171753,1.3351929187774658,1.019230604171753,1.3351929187774658,0.07040846347808838,0.3931635618209839,1.3351929187774658,0.5130762457847595,1.3351929187774658,0.5130762457847595,1.0630327463150024,0.6590548753738403
1206,100,-3.0942640184707675,-0.6578861,0.21674392249473584,0.3844020898194658,0.9549230658977303,0.5748518109321594,1.0462493896484375,0.5748518109321594,1.0462493896484375,1.5054981708526611,1.0462493896484375,0.5748518109321594,0.18441349267959595,0.5748518109321594,0.18441349267959595,0.44805440306663513,0.17579376697540283
1207,100,-2.8036603141375913,-2.459193,0.1453984419869645,0.07410829652203188,0.9914785388383474,2.681929111480713,1.9899357557296753,2.681929111480713,1.9899357557296753,2.8193275928497314,1.9899357557296753,1.2995543479919434,0.3890070915222168,1.2995543479919434,0.3890070915222168,1.2167127132415771,0.5188539028167725
1208,100,-0.163214884951188,-1.8106145,0.49447698606965473,0.14930066220539173,0.8058178949448248,1.914919376373291,1.271083950996399,1.914919376373291,1.271083950996399,1.8519493341445923,1.271083950996399,1.244985580444336,0.06475591659545898,1.244985580444336,0.06475591659545898,1.0579423904418945,0.5870377421379089
1209,100,-1.9409976375314284,-1.4156885,0.2802501646513787,0.23442432231548208,0.17885618100960501,0.7594568729400635,0.6271066665649414,0.7594568729400635,0.6271066665649414,0.6705015301704407,0.5751920938491821,0.6271066665649414,0.41483545303344727,0.6271066665649414,0.41483545303344727,0.6011493802070618,0.7164286375045776
1210,100,-1.7750443067668242,-2.6227987,0.34775474802606876,0.0301786625303353,0.9759381547941481,3.1170523166656494,1.8033066987991333,3.1170523166656494,1.8033066987991333,3.126302480697632,1.8033066987991333,1.167967677116394,0.5050604343414307,1.167967677116394,0.5050604343414307,1.150123953819275,0.5223954916000366
1211,100,-1.1052685576562813,-2.3852806,0.11001898842476421,0.21753786401855135,0.9399973720670565,2.6326184272766113,1.5133295059204102,2.6326184272766113,1.5133295059204102,2.65913987159729,1.5133295059204102,2.1004490852355957,0.694133996963501,2.1004490852355957,0.694133996963501,2.1400890350341797,0.6928231716156006
1212,100,-3.018858118315592,-1.6287781,0.011191365248251456,0.3338660715064644,0.21775125534212905,1.587286114692688,0.18402373790740967,1.587286114692688,0.18402373790740967,1.7335764169692993,0.37164461612701416,0.588401198387146,0.30160796642303467,0.588401198387146,0.30160796642303467,0.683855414390564,0.24470126628875732
1213,100,-2.062276162390484,-2.3460941,0.08468807352981966,0.20617865028557547,0.6873069273698372,2.015096426010132,1.7978746891021729,2.015096426010132,1.7978746891021729,2.551269054412842,1.7978746891021729,1.3302912712097168,0.25681400299072266,1.3302912712097168,0.25681400299072266,1.6868493556976318,0.2868030071258545
1214,100,-1.9554065315452105,-1.6455271,0.36281512178403824,0.1755870675533706,0.4774841433102936,1.2203373908996582,0.6530683040618896,1.2203373908996582,0.6530683040618896,0.9210406541824341,0.6530683040618896,0.8657165169715881,0.13026511669158936,0.8657165169715881,0.13026511669158936,0.5206977128982544,0.49057942628860474
1215,100,-2.6231440395146235,-1.856776,0.09213983230420841,0.18117960122545146,0.3023997022805553,0.5117521286010742,0.7912584543228149,0.5117521286010742,0.7912584543228149,1.9589377641677856,0.7912584543228149,0.5117521286010742,0.3973727226257324,0.5117521286010742,0.3973727226257324,0.8128728866577148,0.4481247663497925
1216,100,-2.2017854265850145,-2.1283529,0.08065786071864156,0.16232228481380417,0.601663325122746,1.360836148262024,0.7503912448883057,1.360836148262024,0.7503912448883057,2.2076258659362793,0.7503912448883057,0.7977786064147949,0.4411501884460449,0.7977786064147949,0.4411501884460449,1.1465834379196167,0.5683059692382812
1217,100,-1.094244151740846,-2.1406674,0.06748782664127706,0.19332907969752933,0.7267407391898815,1.2893317937850952,2.317406177520752,1.2893317937850952,2.317406177520752,2.141171932220459,2.317406177520752,1.178310513496399,0.23335671424865723,1.178310513496399,0.23335671424865723,1.6061797142028809,0.16177761554718018
1218,100,-2.9199758927627837,-2.2982657,0.027345557879541182,0.3459908539026056,0.5192659349785634,0.7622950077056885,1.1372480392456055,0.7622950077056885,1.1372480392456055,2.025576591491699,1.1372480392456055,0.7622950077056885,0.26843714714050293,0.7622950077056885,0.26843714714050293,1.2002124786376953,0.243444561958313
1219,100,-3.8746621885158343,-2.2019105,0.09433733318577064,0.0814463029010708,0.6777105121921323,2.0627591609954834,1.3652584552764893,2.0627591609954834,1.3652584552764893,2.180363893508911,1.3652584552764893,0.7986041307449341,0.18909454345703125,0.7986041307449341,0.18909454345703125,0.7231533527374268,0.30535888671875
1220,100,-0.3677086834974447,-2.1763756,0.21466429160325395,0.2766874163216333,0.5936794868091129,1.6761188507080078,0.7232494354248047,1.6761188507080078,0.7232494354248047,2.0726921558380127,0.7232494354248047,0.9236726760864258,0.5585074424743652,0.9236726760864258,0.5585074424743652,1.1551235914230347,0.5337187051773071
1221,100,-0.0975955731766737,-1.6087556,0.23406238119114708,0.21058801067448965,0.1843135201490623,0.513735294342041,0.484281063079834,0.513735294342041,0.484281063079834,1.1882071495056152,0.2538912296295166,0.484281063079834,0.4244779348373413,0.484281063079834,0.4244779348373413,0.3690861463546753,0.6822605133056641
1222,100,-2.8535269737030124,-2.1862645,0.1298129489242109,0.07566161384594827,0.5682094372693717,2.1410160064697266,1.2255618572235107,2.1410160064697266,1.2255618572235107,2.1797330379486084,1.2255618572235107,0.6310238838195801,0.1781466007232666,0.6310238838195801,0.1781466007232666,0.620172917842865,0.19401943683624268
1223,100,-1.9186509537539005,-2.6895196,0.2333319359218955,0.11111229005240886,0.9363896114770898,3.0527663230895996,2.137112855911255,3.0527663230895996,2.137112855911255,3.0520119667053223,2.137112855911255,1.9521033763885498,0.0026526451110839844,1.9521033763885498,0.0026526451110839844,1.952033281326294,0.00533139705657959
1224,100,-1.623516286029503,-0.7373977,0.09213055155633659,0.0987289437313667,0.39406755497467894,0.4185900092124939,0.2686685025691986,0.4185900092124939,0.2686685025691986,0.44703301787376404,0.2686685025691986,0.2592698931694031,0.20044541358947754,0.2592698931694031,0.20044541358947754,0.27542644739151,0.17606401443481445
1225,100,-1.001344069134926,-1.3817534,0.02913728867148596,0.2661030421551972,0.2939136651603835,0.05013298988342285,0.5220730304718018,0.05013298988342285,0.5220730304718018,1.6522932052612305,0.5220730304718018,0.05013298988342285,0.28596413135528564,0.05013298988342285,0.28596413135528564,0.3678080141544342,0.33151715993881226
1226,100,-1.8902788835934885,-2.0835986,0.007997422245462404,0.15694396315571385,0.5601172672898295,1.5254101753234863,1.0959771871566772,1.5254101753234863,1.0959771871566772,2.1892590522766113,1.0959771871566772,0.7276252508163452,0.19181370735168457,0.7276252508163452,0.19181370735168457,0.9809929132461548,0.22476446628570557
1227,100,-1.5012438185217798,-2.236261,0.14960578798326063,0.18567353425566602,0.45056129415932433,1.3990676403045654,1.0902074575424194,1.3990676403045654,1.0902074575424194,2.104865550994873,1.0902074575424194,0.7920860052108765,0.16150188446044922,0.7920860052108765,0.16150188446044922,1.0248855352401733,0.19127225875854492
1228,100,-1.510049127932651,-2.1517549,0.03769425930026449,0.26431078581568285,0.5151845880646475,1.693990707397461,1.27255380153656,1.693990707397461,1.27255380153656,2.0660510063171387,1.27255380153656,1.1551944017410278,0.4092586040496826,1.1551944017410278,0.4092586040496826,1.3746542930603027,0.3572518825531006
1229,100,-0.7391244450204933,-1.9243482,0.01329739463493218,0.3205773175479618,0.2074128677652463,0.9751877784729004,0.06685590744018555,0.9751877784729004,0.06685590744018555,1.8275668621063232,1.0949435234069824,0.43690264225006104,0.2599586248397827,0.43690264225006104,0.2599586248397827,0.9304342865943909,0.39821767807006836
1230,100,-1.1633620699109688,-1.8806275,0.0012475492055064041,0.1226009502750901,0.44322263811718166,0.9993121027946472,1.1107450723648071,0.9993121027946472,1.1107450723648071,1.4829033613204956,1.1107450723648071,0.7343885898590088,0.2361668348312378,0.7343885898590088,0.2361668348312378,0.9457699060440063,0.21979475021362305
1231,100,-2.58331370230825,-2.0469208,0.07342685488951983,0.15001281580001236,0.4129670473052461,1.4511430263519287,1.3611268997192383,1.4511430263519287,1.3611268997192383,2.2766966819763184,1.3611268997192383,0.7323230504989624,0.044562339782714844,0.7323230504989624,0.044562339782714844,1.0276243686676025,0.027659177780151367
1232,100,-1.2055314728607205,-2.0937815,0.13216255538652044,0.2319576001607675,0.4944929637501329,2.1970882415771484,1.5415794849395752,2.1970882415771484,1.5415794849395752,2.415058135986328,1.5415794849395752,1.5750250816345215,0.21393036842346191,1.5750250816345215,0.21393036842346191,1.7392152547836304,0.12824714183807373
1233,100,-1.3749770096354297,-1.2401326,0.07887232073189077,0.1312430459506735,0.06638858052565866,0.5007396936416626,0.13195455074310303,0.5007396936416626,0.13195455074310303,0.3805103302001953,0.13195455074310303,0.3223705291748047,0.5125690698623657,0.3223705291748047,0.5125690698623657,0.22716253995895386,0.4921267330646515
1234,100,-2.826157209985074,-1.9030926,0.07667031382367362,0.16422192596180757,0.2149243428279035,0.45090818405151367,0.7235536575317383,0.45090818405151367,0.7235536575317383,1.4609227180480957,0.7235536575317383,0.45090818405151367,0.1329975128173828,0.45090818405151367,0.1329975128173828,0.6509425640106201,0.1320037841796875
1235,100,-0.3845729617258804,-2.3646376,0.01498323983650418,0.10019077027786194,0.7803775927506369,2.632157802581787,2.2565343379974365,2.632157802581787,2.2565343379974365,2.7815451622009277,2.2565343379974365,1.6435489654541016,0.15713787078857422,1.6435489654541016,0.15713787078857422,1.9654244184494019,0.16973364353179932
1236,100,-2.142316959549922,-1.6930554,0.16172639668448735,0.1643364719432039,0.29496059466883146,0.5830991268157959,0.6659284830093384,0.5830991268157959,0.6659284830093384,1.1104656457901,0.6659284830093384,0.5830991268157959,0.46325135231018066,0.5830991268157959,0.46325135231018066,0.8049273490905762,0.47845661640167236
1237,100,-2.998798736720542,-1.9009343,0.22368670313513433,0.12131376719083109,0.3051886535681706,1.1880723237991333,0.9596419334411621,1.1880723237991333,0.9596419334411621,1.19033944606781,0.9596419334411621,0.5205651521682739,0.11870229244232178,0.5205651521682739,0.11870229244232178,0.4952206611633301,0.1629180908203125
1238,100,1.245020709316507,-1.9174056,0.03551655389445307,0.05339065489848832,0.5459632322806672,2.0722100734710693,1.0284881591796875,2.0722100734710693,1.0284881591796875,2.112452745437622,1.0284881591796875,0.9794329404830933,0.20728373527526855,0.9794329404830933,0.20728373527526855,1.0445823669433594,0.20013093948364258
1239,100,-0.2061891990007556,-1.4344888,0.08648556274045074,0.17934102376865352,0.05641713896862313,0.9820275902748108,0.029224276542663574,0.9820275902748108,0.029224276542663574,1.1044604778289795,0.029224276542663574,0.26262974739074707,0.14086449146270752,0.26262974739074707,0.14086449146270752,0.14592701196670532,0.09868687391281128
1240,100,-0.7873370884344795,-1.99862,0.22741913596404967,0.08491490084895581,0.33268381744187936,1.9242225885391235,0.7677881717681885,1.9242225885391235,0.7677881717681885,1.8554720878601074,0.7677881717681885,0.4521138668060303,0.0570218563079834,0.4521138668060303,0.0570218563079834,0.4783758521080017,0.04791224002838135
1241,100,1.5289730835703912,-1.9933065,0.08895287880373176,0.21555976689988393,0.7078684047120543,2.300279140472412,1.5183080434799194,2.300279140472412,1.5183080434799194,2.319027900695801,1.5183080434799194,1.9538222551345825,0.013589262962341309,1.9538222551345825,0.013589262962341309,1.7298839092254639,0.0815352201461792
1242,100,0.6613599211090075,0.23162165,0.006684260756494087,0.16422838872599443,1.4171937863211246,0.696174144744873,0.5823041200637817,0.696174144744873,0.5823041200637817,0.09320387244224548,0.5823041200637817,0.696174144744873,0.01928618550300598,0.696174144744873,0.01928618550300598,0.6480835676193237,0.029721155762672424
1243,100,-1.4844872898080517,-0.82722163,0.011975551184100208,0.037318320151200846,0.4738806837279974,1.141040325164795,0.3532375395298004,1.141040325164795,0.3532375395298004,1.206528663635254,0.3532375395298004,0.2087482213973999,0.16287249326705933,0.2087482213973999,0.16287249326705933,0.39047566056251526,0.16392239928245544
1244,100,0.6676614922772525,-0.66991055,0.037958272364745915,0.589502911720284,0.15012263964951233,0.6129971742630005,0.6432093381881714,0.6129971742630005,0.6432093381881714,0.686138391494751,0.03954160213470459,0.6129971742630005,0.00907599925994873,0.6129971742630005,0.00907599925994873,0.31341591477394104,0.21549217402935028
1245,100,-0.9016142326857852,0.16462219,0.00797198244284103,0.3200965792555168,1.2319220448124042,0.3980739712715149,0.5587270259857178,0.3980739712715149,0.5587270259857178,0.336433470249176,0.5587270259857178,0.3980739712715149,0.07862597703933716,0.3980739712715149,0.07862597703933716,0.5238795876502991,0.08522215485572815
1246,100,-0.8406961169988885,-0.9673046,0.1044341252022184,0.07486595489929615,0.6237204919770822,0.3557002544403076,0.04497969150543213,0.3557002544403076,0.04497969150543213,0.3506889343261719,0.04497969150543213,0.3590662479400635,0.3687795400619507,0.3590662479400635,0.3687795400619507,0.3564556837081909,0.37734273076057434
1247,100,1.301683420899614,-1.382774,0.06387775646093793,0.2068726252444422,0.22080353721720253,1.575537919998169,0.6683298945426941,1.575537919998169,0.6683298945426941,1.498952865600586,0.6683298945426941,0.9172009825706482,0.047299861907958984,0.9172009825706482,0.047299861907958984,0.7882710695266724,0.13308179378509521
1248,100,-0.2094717562902687,-0.45099294,0.010924892096789929,0.05853577588022396,0.7956165291138529,0.3650394678115845,0.03441008925437927,0.3650394678115845,0.03441008925437927,0.27990952134132385,0.03441008925437927,0.3650394678115845,0.06160688400268555,0.3650394678115845,0.06160688400268555,0.22410666942596436,0.15211552381515503
1249,100,-1.0722530453526458,-1.4838496,0.07363213203156067,0.04318026687527391,0.04504545102107175,0.09643304347991943,0.09643304347991943,0.09643304347991943,0.09643304347991943,1.3454499244689941,0.5873193144798279,0.09643304347991943,0.2260361909866333,0.09643304347991943,0.2260361909866333,0.1963774561882019,0.5282477140426636
1250,100,0.7806506933494666,-0.9825224,0.016203243823088243,0.4061760266417078,0.05650997119619705,0.36465519666671753,0.35261017084121704,0.36465519666671753,0.35261017084121704,0.7349351644515991,0.005347192287445068,0.36465519666671753,0.022052764892578125,0.36465519666671753,0.022052764892578125,0.19584578275680542,0.21954044699668884
1251,100,0.7625878690695224,0.009392604,0.005938467777676593,0.19084540311618348,1.1011515826857377,0.5685887932777405,0.427712082862854,0.5685887932777405,0.427712082862854,0.05706092715263367,0.427712082862854,0.5685887932777405,0.015495151281356812,0.5685887932777405,0.015495151281356812,0.5267577171325684,0.024040862917900085
1252,100,-1.9562531868883375,-1.0001699,0.042291252569798266,0.04151165194143769,0.2737659086246057,0.6600110530853271,0.40047651529312134,0.6600110530853271,0.40047651529312134,0.5604761838912964,0.40047651529312134,0.1250641942024231,0.37104958295822144,0.1250641942024231,0.37104958295822144,0.07987809181213379,0.3204764723777771
1253,100,0.8986716600036484,-0.83735,0.08154218056946447,0.33206725706861623,0.018218334873056352,0.24092626571655273,0.31050992012023926,0.24092626571655273,0.31050992012023926,0.3092949390411377,0.31050992012023926,0.24092626571655273,0.5182670950889587,0.24092626571655273,0.5182670950889587,0.275718092918396,0.45724958181381226
1254,100,1.9087156793530056,0.04955843,0.020904668232368584,0.4434380526126349,0.8040233937658602,0.25116604566574097,0.475206583738327,0.25116604566574097,0.475206583738327,0.49583742022514343,0.475206583738327,0.25116604566574097,0.07557278871536255,0.25116604566574097,0.07557278871536255,0.37677517533302307,0.1243889108300209
1255,100,-1.1955419646085734,-0.62720495,0.12558845044001682,0.13918346453368446,0.6153148589879784,0.2964455485343933,0.00500643253326416,0.2964455485343933,0.00500643253326416,0.6642345190048218,0.00500643253326416,0.3610915541648865,0.14745444059371948,0.3610915541648865,0.14745444059371948,0.26055192947387695,0.2357627898454666
1256,100,1.2280666477808335,-0.8582852,0.2771543367314583,0.4148451216595689,0.33490738457011204,0.04943239688873291,0.5749256610870361,0.04943239688873291,0.5749256610870361,1.352462649345398,0.4295525848865509,0.33015990257263184,0.3273487091064453,0.33015990257263184,0.3273487091064453,0.5541167259216309,0.5521098375320435
1257,100,2.235980731599432,0.07470408,0.0038750926192683277,0.581233024225919,0.7606787690156719,0.009174227714538574,0.3499366044998169,0.009174227714538574,0.3499366044998169,0.18121521174907684,0.3499366044998169,0.12615089118480682,0.0951140820980072,0.12615089118480682,0.0951140820980072,0.3329012095928192,0.07559534907341003
1258,100,-0.5621102654830152,-0.34839422,0.16104353155262285,0.007314932356585535,0.7598892664376813,0.5323326587677002,0.3683280944824219,0.5323326587677002,0.3683280944824219,0.5982617735862732,0.3683280944824219,0.5323326587677002,0.1878432184457779,0.5323326587677002,0.1878432184457779,0.6008613109588623,0.14508357644081116
1259,100,0.9918554054606386,-0.11628177,0.4379616468069478,0.5851400331930093,0.006272636872437731,0.06511779874563217,0.8731005787849426,0.06511779874563217,0.8731005787849426,0.4455700218677521,0.8731005787849426,0.42111578583717346,0.3137694001197815,0.42111578583717346,0.3137694001197815,0.6471081972122192,0.25984764099121094
1260,100,0.3420138963125958,0.02881597,0.05470661259547582,0.6313953273049538,0.6102640454967814,0.29227930307388306,0.2053711861371994,0.29227930307388306,0.2053711861371994,0.35193461179733276,0.6394319534301758,0.29227930307388306,0.045922696590423584,0.29227930307388306,0.045922696590423584,0.5142306685447693,0.07144297659397125
1261,100,-2.355532291746096,0.002425313,0.18009330685605707,0.10342391065715528,0.9649638803963809,0.49528467655181885,0.46465328335762024,0.49528467655181885,0.46465328335762024,0.45977234840393066,0.46465328335762024,0.49528467655181885,0.033390551805496216,0.49528467655181885,0.033390551805496216,0.5721007585525513,0.020419418811798096
1262,100,1.1474038109762843,-0.2101588,0.14301986034793135,0.5438910051668223,0.2523408659135352,0.44753220677375793,0.5215504169464111,0.44753220677375793,0.5215504169464111,0.45912015438079834,0.11827316880226135,0.44753220677375793,0.07559093832969666,0.44753220677375793,0.07559093832969666,0.24449309706687927,0.14844775199890137
1263,100,0.0639494335939069,-0.41069698,0.1574706754221542,0.2836667276355615,0.5982541780778019,0.3516571521759033,0.11516177654266357,0.3516571521759033,0.11516177654266357,0.25969016551971436,0.11516177654266357,0.3516571521759033,0.4160236716270447,0.3516571521759033,0.4160236716270447,0.4002157151699066,0.3665562570095062
1264,100,-0.2879964202604819,-0.7498932,0.25500272028148185,0.2680441285531546,0.4099076549071319,0.18231695890426636,0.30817294120788574,0.18231695890426636,0.30817294120788574,1.1282858848571777,0.30817294120788574,0.13859426975250244,0.2177930474281311,0.13859426975250244,0.2177930474281311,0.33717891573905945,0.33844733238220215
1265,100,1.1787166598790806,-1.0389768,0.10643572010791152,0.44365241923897547,0.4459570389356193,1.5876812934875488,0.747706949710846,1.5876812934875488,0.747706949710846,1.4891269207000732,0.747706949710846,1.1540871858596802,0.011717796325683594,1.1540871858596802,0.011717796325683594,0.9589676856994629,0.1707974672317505
1266,100,2.2331096433678534,-0.16873042,0.09384991077520577,0.26260008450431105,0.709915875492432,0.21918000280857086,0.1983460932970047,0.21918000280857086,0.1983460932970047,0.03730274736881256,0.1983460932970047,0.21918000280857086,0.02040979266166687,0.21918000280857086,0.02040979266166687,0.22694112360477448,0.017081446945667267
1267,100,-1.0508807754419336,-0.42937347,0.383365454542678,0.11496894590274964,0.22310779296194566,0.2830381691455841,0.2830381691455841,0.2830381691455841,0.2830381691455841,0.0005244016647338867,0.22597935795783997,0.2830381691455841,0.07476156949996948,0.2830381691455841,0.07476156949996948,0.2918854057788849,0.06595520675182343
1268,100,2.526989993209475,0.023248106,0.442763701439723,0.46290350748910913,0.24956405014311744,0.011196017265319824,0.4891159236431122,0.011196017265319824,0.4891159236431122,0.23639996349811554,0.4891159236431122,0.15054811537265778,0.031125307083129883,0.15054811537265778,0.031125307083129883,0.3198320269584656,0.09160669893026352
1269,100,2.5405543043429972,0.35208032,0.023483626570079075,0.6947998072171129,0.7386850222586765,0.005383908748626709,0.24666735529899597,0.005383908748626709,0.24666735529899597,0.13781428337097168,0.24666735529899597,0.07908475399017334,0.02399265766143799,0.07908475399017334,0.02399265766143799,0.24611753225326538,0.03507572412490845
1270,100,0.4805696956404632,0.34086135,0.4673134212820593,0.013023787616557092,0.9337716447733522,0.2117745280265808,0.3881428837776184,0.2117745280265808,0.3881428837776184,0.6263327598571777,0.3881428837776184,0.30106210708618164,0.03793346881866455,0.30106210708618164,0.03793346881866455,0.5480496883392334,0.029597222805023193
1271,100,1.4791605768670566,0.69321966,0.4889368424096059,1.064921591776548,0.0847663735759625,0.3689652383327484,0.8939703702926636,0.3689652383327484,0.8939703702926636,0.8856400847434998,0.8939703702926636,0.37318912148475647,0.0573573112487793,0.37318912148475647,0.0573573112487793,0.6335797309875488,0.029587745666503906
1272,100,1.5449130890340297,0.6359498,0.20123287464437611,0.6114185922091051,0.7317088276237456,0.08432978391647339,0.48975083231925964,0.08432978391647339,0.48975083231925964,0.3931344151496887,0.48975083231925964,0.0852668285369873,0.017644226551055908,0.0852668285369873,0.017644226551055908,0.24166962504386902,0.05387240648269653
1273,100,-0.0483028700711046,0.5628398,0.34627030169610507,0.2729446615678133,0.9508906370316892,0.2877896726131439,0.812431275844574,0.2877896726131439,0.812431275844574,0.3582797050476074,0.812431275844574,0.2877896726131439,0.021918952465057373,0.2877896726131439,0.021918952465057373,0.447815477848053,0.07897844910621643
1274,100,2.8806163329075987,0.38314873,0.38309262575152825,0.5292968316919,0.4516415231288299,0.07692599296569824,0.263191282749176,0.07692599296569824,0.263191282749176,0.022044360637664795,0.42278575897216797,0.08339798450469971,0.08016180992126465,0.08339798450469971,0.08016180992126465,0.12583290040493011,0.10811719298362732
1275,100,1.950776015652164,0.5790123,0.14804615853578373,0.5573234732208382,0.8137589771927838,0.12059053778648376,0.4105035960674286,0.12059053778648376,0.4105035960674286,0.39289554953575134,0.4105035960674286,0.13039013743400574,0.002420186996459961,0.13039013743400574,0.002420186996459961,0.2756289541721344,0.04279659688472748
1276,100,1.2926232237016344,0.554427,0.5016634015756885,0.19753147367567214,0.8293553118168336,0.010064005851745605,0.44451719522476196,0.010064005851745605,0.44451719522476196,0.0399051308631897,0.44451719522476196,0.15709441900253296,0.0016126632690429688,0.15709441900253296,0.0016126632690429688,0.3116900324821472,0.004754751920700073
1277,100,1.5642242714823669,1.0906304,0.3373452937966568,0.9308859048302434,0.5297351326166149,0.14155685901641846,0.3187764883041382,0.14155685901641846,0.3187764883041382,0.07670724391937256,0.2990758419036865,0.14155685901641846,0.04757428169250488,0.14155685901641846,0.04757428169250488,0.13629889488220215,0.04550588130950928
1278,100,3.475595753510903,1.2905868,0.31306408898732085,0.5942271035548649,1.0207485587134495,0.17680954933166504,0.684640645980835,0.17680954933166504,0.684640645980835,0.276090145111084,0.684640645980835,0.17680954933166504,0.05965089797973633,0.17680954933166504,0.05965089797973633,0.31679725646972656,0.09788691997528076
1279,100,2.4983523284504936,0.683984,0.3107870306829279,0.38617119857004467,0.742318955893369,0.052529215812683105,0.393166184425354,0.052529215812683105,0.393166184425354,0.07991135120391846,0.393166184425354,0.052529215812683105,0.05282527208328247,0.052529215812683105,0.05282527208328247,0.09803816676139832,0.07271325588226318
1280,100,0.8762045238601273,0.88078016,0.5341293069876448,0.5217337134387026,0.6464061012709212,0.02797865867614746,0.6374647617340088,0.02797865867614746,0.6374647617340088,0.03806304931640625,0.6374647617340088,0.07977980375289917,0.07863938808441162,0.07977980375289917,0.07863938808441162,0.12209531664848328,0.1257539689540863
1281,100,2.447816979319295,1.7222217,0.4428105790590504,0.9052278256984709,0.8423973364544286,0.19315433502197266,0.3516957759857178,0.19315433502197266,0.3516957759857178,0.15868639945983887,0.8397230505943298,0.19315433502197266,0.10978269577026367,0.19315433502197266,0.10978269577026367,0.344537615776062,0.18912231922149658
1282,100,2.2459519775789203,1.5292106,0.2067036355279157,0.6657672128112047,1.054583407093569,0.18095839023590088,0.5425764322280884,0.18095839023590088,0.5425764322280884,0.29666364192962646,0.5425764322280884,0.18095839023590088,0.03768181800842285,0.18095839023590088,0.03768181800842285,0.30669766664505005,0.09039247035980225
1283,100,1.4116357937007462,1.7720888,0.500578598621785,0.42988857777974854,1.3250980982204892,0.3553277254104614,1.056185007095337,0.3553277254104614,1.056185007095337,0.6236493587493896,1.056185007095337,0.3553277254104614,0.04878878593444824,0.3553277254104614,0.04878878593444824,0.4952203631401062,0.09415465593338013
1284,100,2.076401484688982,1.8149496,0.5137667922731939,0.8656215874215787,0.8372433713902927,0.21122431755065918,0.518878698348999,0.21122431755065918,0.518878698348999,0.08800792694091797,1.2245728969573975,0.21122431755065918,0.1488339900970459,0.21122431755065918,0.1488339900970459,0.3924614191055298,0.24302047491073608
1285,100,2.703967954838535,1.1328508,0.3028561182934597,0.5568478556023431,0.787264134581249,0.09074974060058594,0.6556248664855957,0.09074974060058594,0.6556248664855957,0.2880697250366211,0.6556248664855957,0.09074974060058594,0.01340186595916748,0.09074974060058594,0.01340186595916748,0.21313971281051636,0.05096226930618286
1286,100,0.1604609511444417,1.8490726,0.4824699411533546,0.5202362726720953,1.2719356863538624,0.3647620677947998,1.286365270614624,0.3647620677947998,1.286365270614624,0.46829891204833984,1.286365270614624,0.3647620677947998,0.1956958770751953,0.3647620677947998,0.1956958770751953,0.5363762378692627,0.25699520111083984
1287,100,3.241260174164533,0.9479057,0.4389432931056445,0.47138766735740933,0.5631601412258915,0.00494462251663208,0.5367533564567566,0.00494462251663208,0.5367533564567566,0.010181605815887451,0.5367533564567566,0.07654076814651489,0.09749460220336914,0.07654076814651489,0.09749460220336914,0.11056488752365112,0.14269661903381348
1288,100,3.6703042491969695,1.7320334,0.172374082210752,0.8018114388603527,1.0507257409470598,0.10905122756958008,0.9253659248352051,0.10905122756958008,0.9253659248352051,0.44956398010253906,0.9253659248352051,0.20019960403442383,0.00689387321472168,0.20019960403442383,0.00689387321472168,0.534487247467041,0.08633589744567871
1289,100,1.116054922667496,1.6465279,0.5379179268819356,0.18005960316899738,1.142160238576509,0.15055179595947266,0.9179999828338623,0.15055179595947266,0.9179999828338623,0.4572535753250122,0.9179999828338623,0.26285409927368164,0.008180379867553711,0.26285409927368164,0.008180379867553711,0.5414698123931885,0.05316519737243652
1290,100,1.9433506452890208,1.7395457,0.6721390198237709,1.0175978410540987,0.35484038774705007,0.22760605812072754,0.8017075061798096,0.22760605812072754,0.8017075061798096,0.6051608324050903,0.8017075061798096,0.30558669567108154,0.015214920043945312,0.30558669567108154,0.015214920043945312,0.5536471009254456,0.08692687749862671
1291,100,4.3164962083410705,2.494924,0.25282906205793454,1.051864873912326,1.6124068037238726,0.36588215827941895,2.9895808696746826,0.36588215827941895,2.9895808696746826,1.644519567489624,2.9895808696746826,0.503563404083252,0.012062311172485352,0.503563404083252,0.012062311172485352,1.4368480443954468,0.10814952850341797
1292,100,-0.0327895824951562,2.2592847,0.37824331424951163,0.41735389576488746,1.6509740158045005,0.5795685052871704,1.9387351274490356,0.5795685052871704,1.9387351274490356,0.30550897121429443,1.9387351274490356,0.5795685052871704,0.10059595108032227,0.5795685052871704,0.10059595108032227,0.8365591764450073,0.1452106237411499
1293,100,3.1907778841183205,1.7236146,0.4842185719623602,0.5825337234282821,0.7311928691374474,0.09123575687408447,0.6294420957565308,0.09123575687408447,0.6294420957565308,0.10574018955230713,0.6294420957565308,0.11082744598388672,0.05438578128814697,0.11082744598388672,0.05438578128814697,0.19626384973526,0.11184626817703247
1294,100,2.6679072645109816,2.4307582,0.12346128452748495,1.2986090606737792,1.2057613390513864,0.31289196014404297,0.3119180202484131,0.31289196014404297,0.3119180202484131,0.23206543922424316,2.3180012702941895,0.31289196014404297,0.00036454200744628906,0.31289196014404297,0.00036454200744628906,1.3251368999481201,0.13830804824829102
1295,100,-0.1659957337947193,2.1552012,0.23369503164619143,0.08077534907769479,2.052584388181311,1.3998111486434937,2.4049875736236572,1.3998111486434937,2.4049875736236572,1.947784662246704,2.4049875736236572,1.3998111486434937,0.0018773078918457031,1.3998111486434937,0.0018773078918457031,1.9195475578308105,0.062009215354919434
1296,100,3.7424116913561054,1.9527048,0.6621221215352158,1.3361659209496788,0.14840684183377184,1.006779670715332,2.3325982093811035,1.006779670715332,2.3325982093811035,2.011185646057129,2.3325982093811035,1.006779670715332,0.008962631225585938,1.006779670715332,0.008962631225585938,1.6696889400482178,0.1151043176651001
1297,100,1.3985215421674315,2.3543682,0.0836467277802706,0.8534366257322308,1.448550950809417,0.5275260210037231,2.046614170074463,0.5275260210037231,2.046614170074463,1.573684811592102,2.046614170074463,0.5275260210037231,0.010760068893432617,0.5275260210037231,0.010760068893432617,1.337613582611084,0.10130453109741211
1298,100,-2.004043848168985,2.2100093,0.6564264438943967,0.09829381015471794,1.4562643361549916,0.29192328453063965,2.0544321537017822,0.29192328453063965,2.0544321537017822,0.8152539730072021,2.0544321537017822,0.8798422813415527,0.019330501556396484,0.8798422813415527,0.019330501556396484,1.5578397512435913,0.0752636194229126
1299,100,2.8424816138322293,1.8610182,0.3369892355041815,1.4653505482150821,0.13406976343763066,1.2416493892669678,1.9519706964492798,1.2416493892669678,1.9519706964492798,0.9284433126449585,1.9519706964492798,1.2416493892669678,0.03723800182342529,1.2416493892669678,0.03723800182342529,1.5968101024627686,0.031122684478759766
1300,100,0.7894481358040564,2.1190515,0.23531379627505578,0.45916632174984673,1.8807345373344795,2.008098840713501,2.316455364227295,2.008098840713501,2.316455364227295,1.3810783624649048,2.316455364227295,2.008098840713501,0.16277694702148438,2.008098840713501,0.16277694702148438,2.5476198196411133,0.10972011089324951
1301,100,-2.228271041225573,1.361596,0.7253825080763434,0.6148659951754454,1.169765019232465,0.023746848106384277,1.08943772315979,0.023746848106384277,1.08943772315979,0.8658262491226196,1.08943772315979,1.4213422536849976,0.5518373250961304,1.4213422536849976,0.5518373250961304,2.0657594203948975,0.5124084949493408
1302,100,2.66683323633496,0.18319601,0.2160244862872251,1.1332871861647034,1.227831522745314,2.1370763778686523,0.2688038945198059,2.1370763778686523,0.2688038945198059,2.0319740772247314,0.2688038945198059,1.6229889392852783,0.39436450600624084,1.6229889392852783,0.39436450600624084,0.8830252289772034,1.147531270980835
1303,100,0.6359931291269452,2.2255454,0.22274791496674595,0.37525587531504323,1.9898153013354518,3.2020421028137207,2.956610679626465,3.2020421028137207,2.956610679626465,2.282198905944824,2.956610679626465,3.2020421028137207,0.12388086318969727,3.2020421028137207,0.12388086318969727,3.384176015853882,0.07664775848388672
1304,100,-1.922999393557689,-0.20642714,0.6567473574653526,1.0717258147024824,0.1955415800700278,2.2376062870025635,0.8664571046829224,2.2376062870025635,0.8664571046829224,2.318786144256592,0.8664571046829224,1.514149785041809,0.5865597724914551,1.514149785041809,0.5865597724914551,1.1903034448623657,0.969693124294281
1305,100,1.5052648177663597,-0.78006476,0.06445499066634663,0.6713634510732598,1.6003819796739982,3.1765897274017334,0.1923545002937317,3.1765897274017334,0.1923545002937317,3.078498363494873,0.1923545002937317,2.3203184604644775,0.2289314866065979,2.3203184604644775,0.2289314866065979,1.4035810232162476,0.5656810402870178
1306,100,0.1051583673483724,2.0661833,0.2533444901640267,0.31462824605789397,1.9005031227374198,2.8346805572509766,2.675922393798828,2.8346805572509766,2.675922393798828,1.5810102224349976,2.675922393798828,2.8346805572509766,0.2282698154449463,2.8346805572509766,0.2282698154449463,3.0579161643981934,0.18149471282958984
1307,100,-1.3047687862045754,-0.83119667,0.2308641114909059,1.0929986183912432,0.0871531442255804,2.870645523071289,1.1131049394607544,2.870645523071289,1.1131049394607544,2.8619704246520996,1.1131049394607544,1.7281252145767212,0.43870973587036133,1.7281252145767212,0.43870973587036133,1.4206150770187378,0.5549696683883667
1308,100,0.3830538661608879,-1.4286375,0.07007839948041306,0.2934511355108411,1.8252686501266213,3.778978109359741,1.285727620124817,3.778978109359741,1.285727620124817,3.6758081912994385,1.285727620124817,2.711876630783081,0.02057623863220215,2.711876630783081,0.02057623863220215,2.0234036445617676,0.20609891414642334
1309,100,-1.0822504100815564,1.0830497,0.248805129646141,0.13958452031803648,1.147624614878951,2.380202054977417,2.0502753257751465,2.380202054977417,2.0502753257751465,0.8170654773712158,2.0502753257751465,2.380202054977417,0.09769397974014282,2.380202054977417,0.09769397974014282,2.1801626682281494,0.24431738257408142
1310,100,-1.252348342566478,-1.1436151,0.037157679341502936,0.9109460689972356,0.44721706672427586,2.663235902786255,0.8372491598129272,2.663235902786255,0.8372491598129272,2.8342058658599854,0.6322386264801025,1.0435081720352173,0.0995168685913086,1.0435081720352173,0.0995168685913086,0.9339598417282104,0.13767218589782715
1311,100,2.5426020076822695,-1.6680171,0.3011362583366861,0.09731446352508955,1.4883048819358813,3.5349652767181396,1.0314996242523193,3.5349652767181396,1.0314996242523193,3.78568434715271,1.0314996242523193,0.928316593170166,0.05584883689880371,0.928316593170166,0.05584883689880371,1.1835466623306274,0.05366659164428711
1312,100,1.1976781925896072,-1.2254429,0.45712677545243807,0.771268428421717,0.16302588317364064,1.9833468198776245,1.3301942348480225,1.9833468198776245,1.3301942348480225,2.839722156524658,1.3301942348480225,0.7008093595504761,0.20688140392303467,0.7008093595504761,0.20688140392303467,1.0155017375946045,0.12025105953216553
1313,100,-3.4782405725414023,-1.0442942,0.33325961735291565,0.5324603281531137,1.1083222485157016,3.218092441558838,0.3109818696975708,3.218092441558838,0.3109818696975708,3.505539894104004,0.3109818696975708,0.5290672779083252,0.3852490186691284,0.5290672779083252,0.3852490186691284,0.8897207379341125,0.3237777352333069
1314,100,1.7878745201287756,-0.30034104,0.16003718732814615,0.5969367807929458,1.2450582517304576,2.6976158618927,0.5563966035842896,2.6976158618927,0.5563966035842896,2.5412795543670654,0.5563966035842896,1.5316227674484253,0.4118383824825287,1.5316227674484253,0.4118383824825287,0.863306999206543,0.72575843334198
1315,100,0.8844675821758659,1.6409376,0.6123348118743741,0.39842745088860143,1.4436306404173886,2.4000070095062256,2.3555908203125,2.4000070095062256,2.3555908203125,0.3487412929534912,2.3555908203125,2.4000070095062256,0.5795235633850098,2.4000070095062256,0.5795235633850098,2.024186134338379,0.4890429973602295
1316,100,-3.2641868688100786,-0.48488033,0.2731090113136574,1.4924978267055815,0.3792307515119771,2.5231409072875977,1.6818851232528687,2.5231409072875977,1.6818851232528687,2.410705089569092,0.08870357275009155,1.9692569971084595,0.5270410776138306,1.9692569971084595,0.5270410776138306,1.3983724117279053,0.6784248948097229
1317,100,1.4997276257630094,-1.165698,0.004917835989563191,0.215102155107198,1.6835119033750794,3.767265558242798,0.37434065341949463,3.767265558242798,0.37434065341949463,3.6613543033599854,0.37434065341949463,1.706237554550171,0.02209162712097168,1.706237554550171,0.02209162712097168,1.1167546510696411,0.04841792583465576
1318,100,0.136807245710128,1.0778457,0.6202988369115132,0.2962466853821196,0.969379178302753,1.7728533744812012,1.622286319732666,1.7728533744812012,1.622286319732666,0.005763649940490723,1.622286319732666,1.7728533744812012,0.5491628050804138,1.7728533744812012,0.5491628050804138,1.4208587408065796,0.5362802743911743
1319,100,-3.157172929229723,-0.9998828,0.11020386051322573,1.3279278120762088,0.005485010566989912,3.0355758666992188,0.9740095734596252,3.0355758666992188,0.9740095734596252,3.0328454971313477,0.9740095734596252,1.4548757076263428,0.2283715009689331,1.4548757076263428,0.2283715009689331,1.2144426107406616,0.2964496612548828
1320,100,0.1212671344904761,-1.1340446,0.04813987431452493,0.188471034783678,1.57784581076853,3.6352715492248535,0.38571929931640625,3.6352715492248535,0.38571929931640625,3.53464674949646,0.38571929931640625,1.3320586681365967,0.006328105926513672,1.3320586681365967,0.006328105926513672,0.8703010082244873,0.037645697593688965
1321,100,-1.5578305505263934,0.34163854,0.6402234508819189,0.059942500800201526,0.7317609084942909,1.4220130443572998,1.1879568099975586,1.4220130443572998,1.1879568099975586,0.1472550630569458,1.1879568099975586,1.4220130443572998,0.11505499482154846,1.4220130443572998,0.11505499482154846,1.277899980545044,0.5346663594245911
1322,100,-4.00530185301484,-0.9908052,0.06209350096964372,0.9487648366460788,0.3228273678033313,2.085114002227783,0.306036114692688,2.085114002227783,0.306036114692688,1.911097526550293,0.23172277212142944,0.32424473762512207,0.003484964370727539,0.32424473762512207,0.003484964370727539,0.2858709692955017,0.006056368350982666
1323,100,0.0129083732670004,-1.4753894,0.10776412161867222,0.07701558655582352,1.6007665363988517,3.8280811309814453,0.5873640775680542,3.8280811309814453,0.5873640775680542,3.879143714904785,0.5873640775680542,0.5150092840194702,0.002667069435119629,0.5150092840194702,0.002667069435119629,0.5749032497406006,0.012519359588623047
1324,100,-0.8321087488741163,-0.8845246,0.24696830624900135,0.6029079161357146,0.38956015940941235,0.5466375350952148,0.15687185525894165,0.5466375350952148,0.15687185525894165,0.45705661177635193,0.05633342266082764,0.12315911054611206,0.22238612174987793,0.12315911054611206,0.22238612174987793,0.10557985305786133,0.23770397901535034
1325,100,-1.2866361640317383,-1.3635631,0.03837516002638641,0.7154506743466321,0.8762754839925011,0.4281949996948242,0.6012015342712402,0.4281949996948242,0.6012015342712402,3.443275213241577,0.6012015342712402,0.11981618404388428,7.236003875732422e-05,0.11981618404388428,7.236003875732422e-05,0.36128562688827515,0.0434073805809021
1326,100,-0.712744678152386,-1.2891843,0.13675566497690905,0.0784812149082883,1.4163352645856813,3.600395917892456,0.4937976598739624,3.600395917892456,0.4937976598739624,3.652534246444702,0.4937976598739624,0.3372505307197571,5.602836608886719e-05,0.3372505307197571,5.602836608886719e-05,0.4177679121494293,0.025294959545135498
1327,100,0.1844887749091825,-1.0638862,0.2081972749974208,0.4213841168011485,0.7816635200632189,0.001255631446838379,0.1822115182876587,0.001255631446838379,0.1822115182876587,0.20878952741622925,0.1822115182876587,0.001255631446838379,0.07186752557754517,0.001255631446838379,0.07186752557754517,0.028755486011505127,0.12985855340957642
1328,100,-1.2475992622318826,-1.1222686,0.11181412745087949,0.41843847131926304,0.9022323935487883,0.09066367149353027,0.3368877172470093,0.09066367149353027,0.3368877172470093,0.5286566615104675,0.3368877172470093,0.07181704044342041,0.012236833572387695,0.07181704044342041,0.012236833572387695,0.16124072670936584,0.044957518577575684
1329,100,-1.0489887791105157,-1.1189977,0.05375814827677505,0.2717220265293475,1.0910096509218907,1.4444762468338013,0.30742502212524414,1.4444762468338013,0.30742502212524414,2.680899143218994,0.30742502212524414,0.16098779439926147,0.005894780158996582,0.16098779439926147,0.005894780158996582,0.2419816255569458,0.014145612716674805
1330,100,0.8022324570154572,-0.96370405,0.14834458808513862,0.12996033058082523,0.9755566909883644,0.6321388483047485,0.13551115989685059,0.6321388483047485,0.13551115989685059,1.278933048248291,0.13551115989685059,0.11170601844787598,0.009311199188232422,0.11170601844787598,0.009311199188232422,0.14124542474746704,0.00754779577255249
1331,100,-1.2894947434460453,-0.8730019,0.23067221744466093,0.7243756426824737,0.3745546030629542,1.3090602159500122,0.6025146245956421,1.3090602159500122,0.6025146245956421,1.0559509992599487,0.4100099802017212,0.3910664916038513,0.04930102825164795,0.3910664916038513,0.04930102825164795,0.31964901089668274,0.03779056668281555
1332,100,-1.7379500401689758,-1.1394373,0.02303697785868275,0.319136256435278,1.1298531906301623,2.153900623321533,0.25773751735687256,2.153900623321533,0.25773751735687256,3.5577197074890137,0.25773751735687256,0.16730177402496338,0.008041143417358398,0.16730177402496338,0.008041143417358398,0.2418586015701294,0.013019680976867676
1333,100,-0.0564397998037109,-0.9645592,0.1555886561134222,0.042944007364335235,1.2277244818988944,2.681126832962036,0.2605799436569214,2.681126832962036,0.2605799436569214,2.9675559997558594,0.2605799436569214,0.32289063930511475,0.03199481964111328,0.32289063930511475,0.03199481964111328,0.4464922547340393,0.027552247047424316
1334,100,-2.1746502166909885,-0.6793492,0.2002399282024283,0.6972342544200085,0.18836731595528078,1.6345534324645996,0.6172504425048828,1.6345534324645996,0.6172504425048828,2.328993797302246,0.6172504425048828,0.35189300775527954,0.19151705503463745,0.35189300775527954,0.19151705503463745,0.4845717251300812,0.20469486713409424
1335,100,-2.684420549950054,-0.92692477,0.051905157063732776,0.3689585459831448,0.9565935592675945,0.47870421409606934,0.16718417406082153,0.47870421409606934,0.16718417406082153,2.677908420562744,0.16718417406082153,0.09560155868530273,0.0052716732025146484,0.09560155868530273,0.0052716732025146484,0.13235938549041748,0.016910195350646973
1336,100,0.3341521709250249,-0.8763648,0.0796272916354468,0.0914765133992913,1.1199561705832013,1.7246732711791992,0.1951303482055664,1.7246732711791992,0.1951303482055664,1.7709591388702393,0.1951303482055664,0.14456170797348022,0.07654225826263428,0.14456170797348022,0.07654225826263428,0.14827680587768555,0.07616069912910461
1337,100,-1.793969765157245,-0.7258814,0.04646458012080701,0.5624624091325348,0.5642113123741961,0.009146928787231445,0.1373773217201233,0.009146928787231445,0.1373773217201233,0.5522494912147522,0.1373773217201233,0.009146928787231445,0.2541767954826355,0.009146928787231445,0.2541767954826355,0.03831923007965088,0.2065301537513733
1338,100,-3.56436196943349,-1.1752622,0.05003423152869102,0.6116195272052615,0.8199354409915476,0.9750310778617859,0.534232497215271,0.9750310778617859,0.534232497215271,3.3297595977783203,0.534232497215271,0.11669290065765381,0.005937814712524414,0.11669290065765381,0.005937814712524414,0.34693026542663574,0.06102019548416138
1339,100,-1.262981050462597,-1.089364,0.1704624173874707,0.06339023773049579,1.2061789166758354,2.9986581802368164,0.2579073905944824,2.9986581802368164,0.2579073905944824,3.5754754543304443,0.2579073905944824,0.2077103853225708,0.011054039001464844,0.2077103853225708,0.011054039001464844,0.2824314832687378,0.05410349369049072
1340,100,-0.7314947552210799,-0.8096746,0.2699799133253469,0.6592830359052442,0.3179053150539852,0.8816079497337341,0.3528535068035126,0.8816079497337341,0.3528535068035126,0.5743129253387451,0.13031184673309326,0.14883267879486084,0.08837354183197021,0.14883267879486084,0.08837354183197021,0.10183954238891602,0.11249560117721558
1341,100,-3.4408469688653223,-1.1870123,0.01412772956941133,0.6045256973055426,0.809625972843252,0.1464986801147461,0.19592028856277466,0.1464986801147461,0.19592028856277466,1.8183727264404297,0.19592028856277466,0.09625351428985596,0.08256673812866211,0.09625351428985596,0.08256673812866211,0.15104910731315613,0.06059122085571289
1342,100,-1.3342453459141337,-1.4398046,0.05893894350252249,0.30048735819987393,1.399738382816929,3.231755495071411,0.4860498309135437,3.231755495071411,0.4860498309135437,3.9435393810272217,0.4860498309135437,0.23278069496154785,0.013733148574829102,0.23278069496154785,0.013733148574829102,0.3200042247772217,0.017658233642578125
1343,100,-0.8938519960085137,-0.9347315,0.3937475163732813,0.2625278498836603,0.7157803825854846,0.05776715278625488,0.46791988611221313,0.05776715278625488,0.46791988611221313,1.357503056526184,0.46791988611221313,0.008556962013244629,0.00684809684753418,0.008556962013244629,0.00684809684753418,0.11283838748931885,0.03586375713348389
1344,100,-3.2734420325099896,-1.3043119,0.074387251959531,0.7416361085046401,0.7380582689214821,0.6753167510032654,0.03316783905029297,0.6753167510032654,0.03316783905029297,1.7835756540298462,0.38553088903427124,0.06467318534851074,0.07638013362884521,0.06467318534851074,0.07638013362884521,0.1975158452987671,0.04038208723068237
1345,100,-2.175244499483642,-1.7624724,0.08559021730731242,0.30549331198212837,1.53864588929001,3.250469207763672,0.8527508974075317,3.250469207763672,0.8527508974075317,3.9820261001586914,0.8527508974075317,0.37959015369415283,0.015830516815185547,0.37959015369415283,0.015830516815185547,0.5459108352661133,0.029089510440826416
1346,100,0.2753754247751449,-1.8469123,0.435823660087852,0.35963966088094246,1.2274178618443585,0.44031429290771484,1.0719629526138306,0.44031429290771484,1.0719629526138306,2.0300681591033936,1.0719629526138306,0.2638601064682007,0.060122132301330566,0.2638601064682007,0.060122132301330566,0.4136888384819031,0.11094456911087036
1347,100,-1.9100844372890704,-1.7503936,0.23038114225843942,0.8626796888424355,0.9462743122194641,0.1838364601135254,1.131605863571167,0.1838364601135254,1.131605863571167,2.468966007232666,1.131605863571167,0.1838364601135254,0.015567302703857422,0.1838364601135254,0.015567302703857422,0.49910926818847656,0.16353517770767212
1348,100,-1.852495996928066,-1.8518349,0.06332995446840561,0.4981819047141314,1.4085864642078116,3.418015480041504,0.8362575769424438,3.418015480041504,0.8362575769424438,4.29401159286499,0.8362575769424438,0.3468986749649048,0.010755062103271484,0.3468986749649048,0.010755062103271484,0.6177482604980469,0.03252911567687988
1349,100,-2.4042864701061495,-1.6692276,0.20390902928803167,0.025830341125374634,1.5236735523732767,3.6232361793518066,0.5599586963653564,3.6232361793518066,0.5599586963653564,3.8184497356414795,0.5599586963653564,0.3258953094482422,0.009415268898010254,0.3258953094482422,0.009415268898010254,0.5107681751251221,0.029959440231323242
1350,100,-1.7387389094045378,-1.5625184,0.3420340801457973,0.8979268958152009,0.41801087241747836,1.9610697031021118,0.7915860414505005,1.9610697031021118,0.7915860414505005,1.498480200767517,0.502640962600708,0.36786842346191406,0.14021563529968262,0.36786842346191406,0.14021563529968262,0.28071701526641846,0.10652327537536621
1351,100,-1.6834791808507104,-1.7191347,0.2563845550967858,0.46662764873394025,1.1163803559065482,0.2353992462158203,0.7575402855873108,0.2353992462158203,0.7575402855873108,0.4772833585739136,0.7575402855873108,0.22299790382385254,0.04891383647918701,0.22299790382385254,0.04891383647918701,0.332195520401001,0.0682365894317627
1352,100,-1.5922666376157286,-1.4455061,0.22155757120384822,0.6082861562774763,0.783245636425477,0.15828967094421387,0.7630801796913147,0.15828967094421387,0.7630801796913147,0.818954348564148,0.7630801796913147,0.1439344882965088,0.002279520034790039,0.1439344882965088,0.002279520034790039,0.31474509835243225,0.08602774143218994
1353,100,-1.126041222865126,-1.735614,0.22982708354483772,0.4922133183484432,1.0427900018279288,0.27223968505859375,0.5225942134857178,0.27223968505859375,0.5225942134857178,0.8443021774291992,0.5225942134857178,0.15585088729858398,0.018786311149597168,0.15585088729858398,0.018786311149597168,0.22964906692504883,0.02562636137008667
1354,100,-0.3402268669780537,-1.7125558,0.15829939395189263,0.42400447993548873,1.0685353703873677,0.16244935989379883,0.4313826560974121,0.16244935989379883,0.4313826560974121,0.39067280292510986,0.4313826560974121,0.14127802848815918,0.00788414478302002,0.14127802848815918,0.00788414478302002,0.22719109058380127,0.0430637001991272
1355,100,-1.6626467032148056,-1.634558,0.13196361854134753,0.3779660741193699,1.0806702390581986,0.2824300527572632,0.4664500951766968,0.2824300527572632,0.4664500951766968,1.09450364112854,0.4664500951766968,0.1643427610397339,0.02812802791595459,0.1643427610397339,0.02812802791595459,0.2313029170036316,0.03044891357421875
1356,100,-3.4030016029089394,-1.6615937,0.12556580523880267,0.3928963498650857,1.0588753928023924,0.8764668703079224,0.4546469449996948,0.8764668703079224,0.4546469449996948,2.6433968544006348,0.4546469449996948,0.19322478771209717,0.018095850944519043,0.19322478771209717,0.018095850944519043,0.2925999164581299,0.05373865365982056
1357,100,1.4451587496343443,-1.724394,0.24580542979397135,0.25387464769030943,1.1672983998720792,1.094287395477295,0.7385754585266113,1.094287395477295,0.7385754585266113,1.3821325302124023,0.7385754585266113,0.3481820821762085,0.04542958736419678,0.3481820821762085,0.04542958736419678,0.4085431694984436,0.06712418794631958
1358,100,0.4327752295752318,-1.6177539,0.5674271489528753,0.6108765373473726,0.4263627284184046,0.5745816230773926,0.6005145311355591,0.5745816230773926,0.6005145311355591,2.753946304321289,0.6005145311355591,0.17134416103363037,0.05259096622467041,0.17134416103363037,0.05259096622467041,0.3859293460845947,0.17297369241714478
1359,100,-2.476672193859595,-1.7525487,0.10942709701987052,0.9513085047967244,1.0145207366736484,2.8164491653442383,1.7670435905456543,2.8164491653442383,1.7670435905456543,4.05084228515625,1.7670435905456543,0.47714388370513916,0.11655211448669434,0.47714388370513916,0.11655211448669434,1.4802615642547607,0.12407487630844116
1360,100,-0.3231541995346743,-1.6259791,0.01605871502834888,0.17940937183618133,1.7201329127363734,4.363448619842529,0.40581047534942627,4.363448619842529,0.40581047534942627,4.294075012207031,0.40581047534942627,1.551786184310913,0.009545683860778809,1.551786184310913,0.009545683860778809,1.0175392627716064,0.0319674015045166
1361,100,1.1995180069586144,-0.02115054,0.6095125345366004,0.07343725552238342,0.674984217355751,1.3953590393066406,1.2979745864868164,1.3953590393066406,1.2979745864868164,0.05826467275619507,1.2979745864868164,1.3953590393066406,0.39623650908470154,1.3953590393066406,0.39623650908470154,1.2876964807510376,0.5619851350784302
1362,100,-2.272323994535893,-1.4887297,0.11588709219118853,1.0150047870660106,0.24891791106249683,2.911496639251709,0.8556863069534302,2.911496639251709,0.8556863069534302,2.3275163173675537,0.3340698480606079,0.7542633414268494,0.012748122215270996,0.7542633414268494,0.012748122215270996,0.5182245969772339,0.0488814115524292
1363,100,-1.527238151771888,-1.6452236,0.04202460576988187,0.14271846856550674,1.3483740578043912,3.9106316566467285,0.4225749969482422,3.9106316566467285,0.4225749969482422,4.062920093536377,0.4225749969482422,0.5616196393966675,0.03888499736785889,0.5616196393966675,0.03888499736785889,0.6336641311645508,0.03108924627304077
1364,100,1.7615353521023307,-1.3188967,0.4577697707896995,0.0863844644009455,0.8205967842380412,2.529198408126831,0.007360935211181641,2.529198408126831,0.007360935211181641,3.4467124938964844,0.007360935211181641,0.22700834274291992,0.2114095687866211,0.22700834274291992,0.2114095687866211,0.5395382046699524,0.19074904918670654
1365,100,0.5983266170358594,-1.238029,0.3033609043989216,1.1592933534135679,0.32538669478129045,3.251605987548828,2.244320869445801,3.251605987548828,2.244320869445801,2.1098971366882324,0.12602519989013672,1.4337995052337646,0.1769406795501709,1.4337995052337646,0.1769406795501709,0.7678879499435425,0.2621086835861206
1366,100,-1.200520301984341,-1.5271798,0.0025878558351413172,0.36382079482897867,1.159436098744779,3.761660575866699,0.40788161754608154,3.761660575866699,0.40788161754608154,4.2050981521606445,0.40788161754608154,0.349432110786438,0.010302901268005371,0.349432110786438,0.010302901268005371,0.6106409430503845,0.027799606323242188
1367,100,1.5628543639392116,-1.3725878,0.006009474687943772,0.22905591155859983,1.4188172753893886,3.937952995300293,0.11555051803588867,3.937952995300293,0.11555051803588867,3.73667573928833,0.11555051803588867,1.4371085166931152,0.0742635726928711,1.4371085166931152,0.0742635726928711,0.8306524157524109,0.1495974063873291
1368,100,-0.5456742899216581,1.4278718,0.15834769418405514,0.4009259489854591,1.3191151232218616,2.723479986190796,2.767118453979492,2.723479986190796,2.767118453979492,2.571176528930664,2.767118453979492,2.723479986190796,0.3851194381713867,2.723479986190796,0.3851194381713867,2.768770694732666,0.24250978231430054
1369,100,-1.4849680873807265,-0.06381866,0.22630657232606533,0.5621377770433721,0.25879363032038677,2.1286733150482178,0.38904672861099243,2.1286733150482178,0.38904672861099243,2.2540717124938965,0.5403674840927124,0.9665787220001221,0.49968335032463074,0.9665787220001221,0.49968335032463074,0.48993948101997375,0.7679444551467896
1370,100,3.2536504065574388,-1.4078012,0.177756447076183,0.24031222423480947,1.2875034475372624,3.903350591659546,0.2322385311126709,3.903350591659546,0.2322385311126709,3.580927848815918,0.2322385311126709,1.1774680614471436,0.06842303276062012,1.1774680614471436,0.06842303276062012,0.6612101793289185,0.16824662685394287
1371,100,-0.7608952119589227,0.95230734,0.21978465216778365,0.09589606092097003,1.3333868873001573,2.204545497894287,1.832554817199707,2.204545497894287,1.832554817199707,1.074294924736023,1.832554817199707,2.204545497894287,0.45799779891967773,2.204545497894287,0.45799779891967773,2.139942169189453,0.6479313373565674
1372,100,-1.85730668991115,-0.741184,0.5762957166304292,0.6220612329882136,0.6000574762865749,2.7985332012176514,0.3649733066558838,2.7985332012176514,0.3649733066558838,3.2118172645568848,0.40549370646476746,0.8323160409927368,0.7658853530883789,0.8323160409927368,0.7658853530883789,1.2538692951202393,0.6044697761535645
1373,100,2.387646870868973,-1.0403031,0.1566463121280227,0.611549194018865,1.3013895913651305,3.7269506454467773,0.12121343612670898,3.7269506454467773,0.12121343612670898,3.612955093383789,0.12121343612670898,1.9011049270629883,0.16033518314361572,1.9011049270629883,0.16033518314361572,1.0498826503753662,0.3005695939064026
1374,100,-0.3507748232478936,2.0972838,0.00476878373227585,0.06396521867294491,2.262471909938809,3.108734130859375,3.0563650131225586,3.108734130859375,3.0563650131225586,1.0745426416397095,3.0563650131225586,3.108734130859375,0.08826375007629395,3.108734130859375,0.08826375007629395,3.0624661445617676,0.17620313167572021
1375,100,-2.7424689996959506,-1.452762,0.09683981469969982,0.5494580188081232,0.8414754658886248,3.579664707183838,0.7033395767211914,3.579664707183838,0.7033395767211914,3.97019100189209,0.7033395767211914,0.40034234523773193,0.08665800094604492,0.40034234523773193,0.08665800094604492,0.9173583388328552,0.08729559183120728
1376,100,2.5881293788359305,-0.97973025,0.14524386571304193,0.6496649136241921,1.3495106557736178,3.1945505142211914,0.8860269784927368,3.1945505142211914,0.8860269784927368,3.061720848083496,0.8860269784927368,2.464522361755371,0.07088351249694824,2.464522361755371,0.07088351249694824,1.6173179149627686,0.3663027286529541
1377,100,-1.1273023558967306,1.4917938,0.17104677453995543,0.09515859350510913,1.7960921687512459,2.0041186809539795,1.164944052696228,2.0041186809539795,1.164944052696228,0.5770336985588074,1.164944052696228,2.0041186809539795,0.08612370491027832,2.0041186809539795,0.08612370491027832,1.753958821296692,0.22608470916748047
1378,100,-1.7964473408682735,-1.0463161,0.24386917655052176,0.6896566159741573,0.4651916086852961,3.0992298126220703,0.0217210054397583,3.0992298126220703,0.0217210054397583,3.679900646209717,0.421156108379364,0.6980917453765869,0.29820072650909424,0.6980917453765869,0.29820072650909424,0.9646872878074646,0.23253929615020752
1379,100,4.01925264348755,-1.3928614,0.09746756608185092,0.5237794314923976,1.6474441205794663,3.9588162899017334,0.9937467575073242,3.9588162899017334,0.9937467575073242,3.9147472381591797,0.9937467575073242,2.7900662422180176,0.010377049446105957,2.7900662422180176,0.010377049446105957,1.7773559093475342,0.16518568992614746
1380,100,-1.511740818336729,1.2151293,0.10548486445367966,0.1220694128231905,1.77735241886574,2.189615488052368,1.3530486822128296,2.189615488052368,1.3530486822128296,0.07299160957336426,1.3530486822128296,2.189615488052368,0.22531867027282715,2.189615488052368,0.22531867027282715,1.9370523691177368,0.33492356538772583
1381,100,-1.249273554273993,-0.98304844,0.5933222427605762,0.464625669790502,0.784010731810352,2.911726951599121,0.7279266119003296,2.911726951599121,0.7279266119003296,2.9873321056365967,0.7279266119003296,0.8022215962409973,0.5444544553756714,0.8022215962409973,0.5444544553756714,0.524139404296875,0.5831347107887268
1382,100,4.457979048984204,-0.23837018,0.2117299219766226,1.3212495069067498,1.0349862385425983,1.3996882438659668,1.5432777404785156,1.3996882438659668,1.5432777404785156,2.37734055519104,0.24398720264434814,1.3996882438659668,0.41839054226875305,1.3996882438659668,0.41839054226875305,0.920385479927063,1.2325111627578735
1383,100,-0.6332064721384247,2.3321393,0.024908310231268604,0.13449035759029493,2.730637401828856,3.413452625274658,2.4361488819122314,3.413452625274658,2.4361488819122314,0.253523588180542,2.4361488819122314,3.413452625274658,0.05610489845275879,3.413452625274658,0.05610489845275879,3.025576591491699,0.07405292987823486
1384,100,-0.550892191933265,-0.9655034,0.7989953176288053,0.3876570670695856,1.0021179969137677,3.120232343673706,0.792625904083252,3.120232343673706,0.792625904083252,3.0737671852111816,0.792625904083252,1.334876537322998,0.3666941523551941,1.334876537322998,0.3666941523551941,0.6927796602249146,0.5825700163841248
1385,100,5.315732397144405,0.7898359,0.02487908858050547,1.7484705985693378,0.6029293546869171,2.4568700790405273,2.4148497581481934,2.4568700790405273,2.4148497581481934,1.6174085140228271,0.7213070392608643,2.4568700790405273,0.0784948468208313,2.4568700790405273,0.0784948468208313,1.637946367263794,0.5438467264175415
1386,100,-2.955210895174168,2.5834394,0.007560697912247338,0.023976588372102814,3.0067060812923705,3.3578827381134033,2.963632583618164,3.3578827381134033,2.963632583618164,0.7716090679168701,2.963632583618164,3.3578827381134033,0.014703750610351562,3.3578827381134033,0.014703750610351562,3.19368839263916,0.03232145309448242
1387,100,-0.6178172879155934,-0.83519363,0.18154950890549265,0.16442833077226493,0.4802843532060943,2.3803186416625977,0.7691206932067871,2.3803186416625977,0.7691206932067871,3.2864692211151123,0.7691206932067871,0.7059618234634399,0.17771124839782715,0.7059618234634399,0.17771124839782715,0.5190201997756958,0.3164065480232239
1388,100,3.808525989869531,0.711755,0.027857235053560636,1.4075790811650122,0.030146365261979113,1.654895305633545,1.5842266082763672,1.654895305633545,1.5842266082763672,0.8264898657798767,0.7683476209640503,1.654895305633545,0.09558361768722534,1.654895305633545,0.09558361768722534,1.3030871152877808,0.20727825164794922
1389,100,-2.2199810876722355,1.4157841,0.029283511922838512,0.24678813174520564,2.0861376276258956,2.3901853561401367,1.40840744972229,2.3901853561401367,1.40840744972229,0.10338699817657471,1.40840744972229,2.3901853561401367,0.013243913650512695,2.3901853561401367,0.013243913650512695,1.8951711654663086,0.09824562072753906
1390,100,0.8386172352533945,-2.002546,0.008336716001898559,0.16114843727643124,1.239854214604163,3.0093111991882324,1.9245821237564087,3.0093111991882324,1.9245821237564087,2.5744965076446533,1.9245821237564087,1.5851435661315918,0.22622895240783691,1.5851435661315918,0.22622895240783691,1.6567407846450806,0.2274932861328125
1391,100,3.685712186774701,0.90838933,0.29904661637721275,1.217259426159573,0.05580004627249924,1.7110815048217773,2.226390838623047,1.7110815048217773,2.226390838623047,1.509002447128296,2.226390838623047,1.7110815048217773,0.3225051164627075,1.7110815048217773,0.3225051164627075,1.968736171722412,0.22866427898406982
1392,100,-2.4940773473382363,1.5845491,0.033681001027732194,0.14246084492435984,2.370194432572094,2.7931337356567383,1.910390853881836,2.7931337356567383,1.910390853881836,1.0680036544799805,1.910390853881836,2.7931337356567383,0.008065462112426758,2.7931337356567383,0.008065462112426758,2.4197959899902344,0.10396826267242432
1393,100,1.3916901368206402,-2.0021214,0.23274235595081672,0.004072472446716713,1.0793189550861975,2.100684404373169,2.0535974502563477,2.100684404373169,2.0535974502563477,3.2383832931518555,2.0535974502563477,1.2833499908447266,0.08470582962036133,1.2833499908447266,0.08470582962036133,1.7756402492523193,0.14389753341674805
1394,100,5.696168362149928,1.1939229,0.23439346667366356,0.6704930889186578,1.051077633238433,0.04998624324798584,1.4088716506958008,0.04998624324798584,1.4088716506958008,0.048413753509521484,1.4088716506958008,0.15626108646392822,0.4226490259170532,0.15626108646392822,0.4226490259170532,0.642140805721283,0.4579780101776123
1395,100,-2.3759995035767467,2.0879552,0.167961292301666,0.04023732900414734,2.7494947198023096,3.0701701641082764,1.9048645496368408,3.0701701641082764,1.9048645496368408,2.902942657470703,1.9048645496368408,3.0701701641082764,0.39340901374816895,3.0701701641082764,0.39340901374816895,3.155351161956787,0.28754472732543945
1396,100,1.1463716660160874,-1.3953581,0.0945195130671016,0.007854360792645121,0.689372738509653,0.26293623447418213,1.1343637704849243,0.26293623447418213,1.1343637704849243,2.380859851837158,1.1343637704849243,0.23088312149047852,0.07184195518493652,0.23088312149047852,0.07184195518493652,0.9139122366905212,0.37188053131103516
1397,100,5.594259668278562,0.9928204,0.38306802941351825,0.5823103190236483,0.7129430750135294,0.02562713623046875,1.3017356395721436,0.02562713623046875,1.3017356395721436,0.09453964233398438,1.3017356395721436,0.013700008392333984,0.5945010185241699,0.013700008392333984,0.5945010185241699,0.38841694593429565,0.45655128359794617
1398,100,-2.1624327856142673,2.1037698,0.14651862448689412,0.03957960100466851,2.6957539131295225,2.933370590209961,1.8611489534378052,2.933370590209961,1.8611489534378052,2.9357035160064697,1.8611489534378052,2.933370590209961,0.2534266710281372,2.933370590209961,0.2534266710281372,2.8749887943267822,0.13572460412979126
1399,100,2.058848336160147,-1.6646645,0.02169116422585249,0.013410798411598313,1.1440167004863424,2.0850086212158203,1.7230641841888428,2.0850086212158203,1.7230641841888428,3.721855640411377,1.7230641841888428,1.2332593202590942,0.07599365711212158,1.2332593202590942,0.07599365711212158,1.7880349159240723,0.36870211362838745
1400,100,3.892632217236714,1.451561,0.5011456690959097,0.4847696351329076,0.9516304252842035,0.0016564130783081055,1.289243459701538,0.0016564130783081055,1.289243459701538,3.1862876415252686,1.289243459701538,0.012267827987670898,0.41199302673339844,0.012267827987670898,0.41199302673339844,0.5585658550262451,0.21696949005126953
1401,100,-2.4172592808393913,2.4376736,0.11125700746717371,0.02551679043067212,3.0794837260650807,3.5236001014709473,2.8551692962646484,3.5236001014709473,2.8551692962646484,3.4035561084747314,2.8551692962646484,3.5236001014709473,0.11269927024841309,3.5236001014709473,0.11269927024841309,3.5065455436706543,0.08699929714202881
1402,100,-0.5268037178602245,-0.96112543,0.03033387301892998,0.5245973787068862,0.8672258452291493,1.3164035081863403,1.2238659858703613,1.3164035081863403,1.2238659858703613,1.3415697813034058,1.2238659858703613,0.838740348815918,0.22200876474380493,0.838740348815918,0.22200876474380493,0.783694863319397,0.6195881366729736
1403,100,3.5702651007652393,1.8073934,0.37969297852328765,0.6358038495035514,1.4443913536319106,0.01026904582977295,2.097409248352051,0.01026904582977295,2.097409248352051,0.16361629962921143,2.097409248352051,0.250494122505188,0.682675838470459,0.250494122505188,0.682675838470459,0.9574113488197327,0.4499629735946655
1404,100,-1.90113923151314,2.2512984,0.06637499230526611,0.12388159931218135,2.881461602920519,3.4332005977630615,2.320117950439453,3.4332005977630615,2.320117950439453,1.0491313934326172,2.320117950439453,3.4332005977630615,0.011173486709594727,3.4332005977630615,0.011173486709594727,2.829439640045166,0.011914968490600586
1405,100,-1.1743344966498463,-2.0846772,0.18118521755503603,0.13949062644513655,1.2693484253490093,3.7701356410980225,1.9086363315582275,3.7701356410980225,1.9086363315582275,4.4611496925354,1.9086363315582275,1.5770769119262695,0.0020990371704101562,1.5770769119262695,0.0020990371704101562,1.596350908279419,0.03803455829620361
1406,100,2.3302813599939167,0.6644178,0.5291413410448331,0.7963030639254962,0.0018488983415654303,0.9503586292266846,1.5522576570510864,0.9503586292266846,1.5522576570510864,2.795423746109009,1.5522576570510864,0.9503586292266846,0.16529953479766846,0.9503586292266846,0.16529953479766846,1.2513082027435303,0.5394254922866821
1407,100,-1.412477333944584,1.9199498,0.12533421213402596,0.047645534206297135,2.4385158040743207,2.677492618560791,2.088304042816162,2.677492618560791,2.088304042816162,2.834319591522217,2.088304042816162,2.677492618560791,0.059352755546569824,2.677492618560791,0.059352755546569824,2.736696243286133,0.123920738697052
1408,100,1.6792850082789423,-2.1483266,0.22909344732761427,0.1603809425357694,1.2488770364332438,4.370353698730469,2.1306204795837402,4.370353698730469,2.1306204795837402,4.551614761352539,2.1306204795837402,1.3007817268371582,0.07249855995178223,1.3007817268371582,0.07249855995178223,1.4201679229736328,0.04591512680053711
1409,100,0.8190655015644444,0.013129607,0.15655527117940582,0.8535931485215413,0.45896186195697997,1.4023813009262085,1.6061630249023438,1.4023813009262085,1.6061630249023438,1.8740782737731934,0.13611887395381927,1.4023813009262085,0.4449577331542969,1.4023813009262085,0.4449577331542969,0.9452806115150452,0.45606207847595215
1410,100,-0.7723231247925728,2.0012357,0.122171078811806,0.049857188195400415,2.6233772459436726,3.21022367477417,2.396416187286377,3.21022367477417,2.396416187286377,3.079826593399048,2.396416187286377,3.21022367477417,0.1291043758392334,3.21022367477417,0.1291043758392334,3.0794837474823,0.156782865524292
1411,100,1.316502247890086,-1.0952277,0.1324895447011255,0.4350857689874277,0.8891709653782272,2.4754135608673096,1.107083797454834,2.4754135608673096,1.107083797454834,2.975990056991577,1.107083797454834,1.47910475730896,0.02328038215637207,1.47910475730896,0.02328038215637207,1.2253237962722778,0.4830958843231201
1412,100,-1.7789299347837493,2.1629193,0.04679883048706435,0.2199239832992408,2.4506754115531124,2.3703906536102295,2.844204902648926,2.3703906536102295,2.844204902648926,2.3392221927642822,2.844204902648926,2.3703906536102295,1.7404556274414062e-05,2.3703906536102295,1.7404556274414062e-05,2.623072385787964,0.025630831718444824
1413,100,0.2085656547964052,0.4270008,0.27809414883941086,0.015840936068099665,1.2208382798954076,0.7427207827568054,0.9918078184127808,0.7427207827568054,0.9918078184127808,0.2794917821884155,0.9918078184127808,1.725876808166504,0.13650169968605042,1.725876808166504,0.13650169968605042,1.571652889251709,0.48403400182724
1414,100,1.3066568761720323,-0.45077455,0.08567592067663221,0.44660494184678357,0.31044601399413096,0.8042901754379272,0.9971796274185181,0.8042901754379272,0.9971796274185181,1.856476902961731,0.2506098449230194,0.8042901754379272,0.12415802478790283,0.8042901754379272,0.12415802478790283,0.545789361000061,0.5816863179206848
1415,100,-2.3203761124313824,1.2659307,0.07377542501565126,0.18473422381374016,1.8938385569250458,2.4251394271850586,1.3074166774749756,2.4251394271850586,1.3074166774749756,0.6475850939750671,1.3074166774749756,2.4251394271850586,0.01839756965637207,2.4251394271850586,0.01839756965637207,1.8896434307098389,0.21389448642730713
1416,100,0.072508576096561,-2.1543772,0.24346192869841,0.15385471297191233,1.172303592165311,3.960176944732666,1.8869469165802002,3.960176944732666,1.8869469165802002,4.038066387176514,1.8869469165802002,1.6902403831481934,0.037648916244506836,1.6902403831481934,0.037648916244506836,1.8690539598464966,0.03058314323425293
1417,100,0.5335861015552184,0.84509027,0.25313943529763994,0.5105495262135757,0.6635395165315197,0.6548411846160889,1.3041496276855469,0.6548411846160889,1.3041496276855469,0.3071706295013428,1.3041496276855469,0.26933491230010986,0.29639482498168945,0.26933491230010986,0.29639482498168945,0.7017321586608887,0.6176807284355164
1418,100,-0.7004056292317546,0.8800388,0.08707282838133201,0.4511848507621853,1.8002837098290008,2.1940293312072754,1.3709945678710938,2.1940293312072754,1.3709945678710938,0.49723726511001587,1.3709945678710938,2.1940293312072754,0.009652137756347656,2.1940293312072754,0.009652137756347656,1.7822133302688599,0.4981272518634796
1419,100,-0.7793199575217818,-2.1511316,0.09164445643726093,0.1471853683865869,1.3403592526567043,4.239249229431152,1.6669484376907349,4.239249229431152,1.6669484376907349,4.249303817749023,1.6669484376907349,1.7205945253372192,0.020456552505493164,1.7205945253372192,0.020456552505493164,1.6941523551940918,0.01912069320678711
1420,100,-1.1675949408714246,0.4249339,0.01811708641779397,0.32390059128762116,0.6774702109140424,0.41428142786026,0.42260998487472534,0.41428142786026,0.42260998487472534,0.20351290702819824,0.42260998487472534,0.09821563959121704,0.014535248279571533,0.09821563959121704,0.014535248279571533,0.26793867349624634,0.16197052597999573
1421,100,-0.6986094406189287,0.40559506,0.08873388922654879,0.11863607691786515,0.9794164396233573,0.9495491981506348,0.5499749779701233,0.9495491981506348,0.5499749779701233,0.259676456451416,0.5499749779701233,0.9495491981506348,0.037941038608551025,0.9495491981506348,0.037941038608551025,0.7189047336578369,0.1596655249595642
1422,100,-1.4219624394459438,-1.6496084,0.00663687560156867,0.3174881912332631,0.7975253653536547,0.46168792247772217,0.7954262495040894,0.46168792247772217,0.7954262495040894,0.8568698167800903,0.7954262495040894,0.46168792247772217,0.09329116344451904,0.46168792247772217,0.09329116344451904,0.6327424645423889,0.06409639120101929
1423,100,0.6901959783309042,-1.7497959,0.03847905958897013,0.3863320277869394,0.7900419346796179,0.8796390295028687,1.3187370300292969,0.8796390295028687,1.3187370300292969,1.919748067855835,1.3187370300292969,0.7561460733413696,0.07476925849914551,0.7561460733413696,0.07476925849914551,1.097877025604248,0.12710845470428467
1424,100,-0.8383546147195262,-1.7837956,0.0579133414090498,0.2844899086940942,1.0670461089596717,1.7714306116104126,1.0133479833602905,1.7714306116104126,1.0133479833602905,2.3486289978027344,1.0133479833602905,0.8477464914321899,0.20838725566864014,0.8477464914321899,0.20838725566864014,1.0552387237548828,0.18959438800811768
1425,100,0.0486248824232613,-1.7060758,0.22141373531310404,0.30880254969205634,0.6277193194479265,2.7565951347351074,1.1265654563903809,2.7565951347351074,1.1265654563903809,3.0137248039245605,1.1265654563903809,0.5562869310379028,0.10390043258666992,0.5562869310379028,0.10390043258666992,0.7701464295387268,0.1627199649810791
1426,100,0.4905934272325002,-1.4323153,0.018093712397457606,0.010130393981319319,0.9130506464040158,2.881103754043579,1.1419187784194946,2.881103754043579,1.1419187784194946,2.288231611251831,1.1419187784194946,1.7075190544128418,0.24412202835083008,1.7075190544128418,0.24412202835083008,1.5543274879455566,0.3184633255004883
1427,100,-2.199094971544986,0.27484044,0.0004889338158863277,0.1690888651278623,1.0191462158747142,0.9995256662368774,0.5823668241500854,0.9995256662368774,0.5823668241500854,0.1884068250656128,0.5823668241500854,0.9995256662368774,0.00491255521774292,0.9995256662368774,0.00491255521774292,0.7940180897712708,0.16345815360546112
1428,100,2.384433444687433,-1.7619057,0.16571429799410042,0.26155542587394176,0.8443765334298522,3.2552859783172607,0.9852889776229858,3.2552859783172607,0.9852889776229858,3.2876148223876953,0.9852889776229858,0.9217866063117981,0.06368577480316162,0.9217866063117981,0.06368577480316162,0.9092772603034973,0.05977088212966919
1429,100,-0.2035755809160594,0.108765274,0.33270492420381387,0.2298349151131775,0.09176562827630985,1.6051983833312988,0.5111759901046753,1.6051983833312988,0.5111759901046753,1.6724376678466797,0.7907823324203491,0.5111759901046753,0.10943510383367538,0.5111759901046753,0.10943510383367538,0.6509791612625122,0.3270559012889862
1430,100,-2.432889531680419,-0.6386844,0.19726709394533304,0.4438199442187228,0.41554215735727057,0.9439182281494141,1.2372679710388184,0.9439182281494141,1.2372679710388184,1.1383419036865234,0.21738579869270325,0.6508344411849976,0.02552211284637451,0.6508344411849976,0.02552211284637451,0.33309289813041687,0.33753353357315063
1431,100,3.428073433248402,-1.1384829,0.08845455429910376,0.6664821385338747,1.2135533229207869,2.659738779067993,1.1427586078643799,2.659738779067993,1.1427586078643799,2.8763256072998047,1.1427586078643799,1.8348164558410645,0.030230998992919922,1.8348164558410645,0.030230998992919922,1.512519121170044,0.5476887822151184
1432,100,1.0969416379649646,1.9751756,0.3160904562068765,0.0006433389824893609,2.0990976150758898,1.968000054359436,2.040848970413208,1.968000054359436,2.040848970413208,3.478431463241577,2.040848970413208,1.968000054359436,0.014448165893554688,1.968000054359436,0.014448165893554688,2.0593581199645996,0.12483203411102295
1433,100,-1.5404405381799542,-1.4321282,0.30373628760121507,0.30421677999889746,0.393482984418107,3.090043067932129,0.9723939895629883,3.090043067932129,0.9723939895629883,1.082098126411438,0.9723939895629883,0.15416276454925537,0.11140811443328857,0.15416276454925537,0.11140811443328857,0.27893954515457153,0.34234198927879333
1434,100,3.607791985900962,-1.3623604,0.3486257273306963,0.6372548929092399,1.3591038230870596,2.535573720932007,1.4954334497451782,2.535573720932007,1.4954334497451782,3.5265932083129883,1.4954334497451782,1.775207757949829,0.25361645221710205,1.775207757949829,0.25361645221710205,1.4583721160888672,0.567825198173523
1435,100,3.0027501608334046,2.7890995,0.27025485736449184,0.10333171395962593,2.8774939985414547,2.9798550605773926,3.9691216945648193,2.9798550605773926,3.9691216945648193,4.222531318664551,3.9691216945648193,2.9798550605773926,0.25408148765563965,2.9798550605773926,0.25408148765563965,3.1030609607696533,0.18980085849761963
1436,100,0.3903794996602914,-0.15203048,0.8507559184445852,0.02523422905618411,0.8658953675443364,1.219581961631775,0.6173557639122009,1.219581961631775,0.6173557639122009,2.647690773010254,0.6173557639122009,1.1136224269866943,0.3762820363044739,1.1136224269866943,0.3762820363044739,1.0480011701583862,0.9670901298522949
1437,100,4.2709521239318295,-0.53612614,0.5175902905435498,0.5766119354266891,0.6206058020802705,1.571825623512268,0.28275200724601746,1.571825623512268,0.28275200724601746,2.4092154502868652,0.28275200724601746,0.5133635997772217,0.9387308359146118,0.5133635997772217,0.9387308359146118,0.312488853931427,0.7940207123756409
1438,100,2.981921463500569,2.477514,0.03986147069452217,0.10553449799732273,2.534333456282047,1.573521375656128,3.348432779312134,1.573521375656128,3.348432779312134,2.85787296295166,3.348432779312134,1.573521375656128,0.07613825798034668,1.573521375656128,0.07613825798034668,2.481569766998291,0.35840392112731934
1439,100,-1.7475553561631736,1.601466,0.8510906016166067,0.031108385547227835,2.404540883511612,1.6231985092163086,2.317897081375122,1.6231985092163086,2.317897081375122,0.26711106300354004,2.317897081375122,2.9666664600372314,0.10117125511169434,2.9666664600372314,0.10117125511169434,2.528613567352295,0.6746982336044312
1440,100,4.274842608436877,-0.01169838,0.7384162936679683,0.6137184233651126,0.14547327608894234,0.7661372423171997,1.249729037284851,0.7661372423171997,1.249729037284851,0.20122990012168884,0.12624838948249817,1.249729037284851,0.20018672943115234,1.249729037284851,0.20018672943115234,0.6879886984825134,0.6274321675300598
1441,100,2.2857355396869683,3.1172373,0.14885558963743684,0.0391636513864877,2.983561083444,2.239931344985962,4.385809898376465,2.239931344985962,4.385809898376465,3.5745339393615723,4.385809898376465,2.239931344985962,0.5145792961120605,2.239931344985962,0.5145792961120605,2.2761354446411133,0.5403039455413818
1442,100,0.3654308424247596,2.4564147,0.4352369390018407,0.08989722828326441,2.95659424259593,2.5597920417785645,3.677104949951172,2.5597920417785645,3.677104949951172,2.006939172744751,3.677104949951172,3.9054808616638184,0.1475210189819336,3.9054808616638184,0.1475210189819336,3.8371551036834717,0.5324175357818604
1443,100,3.7924170318432098,-0.8247453,0.2509229319662981,0.8158494386425135,1.4594932755141736,3.788658618927002,0.456650972366333,3.788658618927002,0.456650972366333,4.539731979370117,0.456650972366333,1.6787265539169312,0.11458873748779297,1.6787265539169312,0.11458873748779297,1.131819486618042,0.5329183340072632
1444,100,1.9218596372250123,3.0464797,0.05214845171499105,0.10646917123053101,2.3974322185586,2.1062991619110107,3.608177900314331,2.1062991619110107,3.608177900314331,2.281381130218506,3.608177900314331,2.1062991619110107,0.031785011291503906,2.1062991619110107,0.031785011291503906,2.875335216522217,0.16744017601013184
1445,100,0.1326686832476495,2.4458435,0.3541893424191014,0.19739252561863374,2.2501894242011797,1.2955796718597412,3.4688029289245605,1.2955796718597412,3.4688029289245605,0.25776171684265137,3.4688029289245605,3.321087121963501,0.03426170349121094,3.321087121963501,0.03426170349121094,3.371173858642578,0.3687255382537842
1446,100,4.088631190035246,0.87612617,0.3098885850193574,1.0512659071954258,0.08564574670853109,2.0118448734283447,1.6293087005615234,2.0118448734283447,1.6293087005615234,2.0066866874694824,1.6293087005615234,2.0118448734283447,0.3723762035369873,2.0118448734283447,0.3723762035369873,1.820576786994934,0.35450267791748047
1447,100,1.5002540380905425,3.4017332,0.09900315187845865,0.08346109919224443,2.926927230688919,3.3641316890716553,4.521212100982666,3.3641316890716553,4.521212100982666,3.6806225776672363,4.521212100982666,3.3641316890716553,0.1807117462158203,3.3641316890716553,0.1807117462158203,3.3521599769592285,0.1759648323059082
1448,100,0.9165914085256002,1.4233129,0.580722967373956,0.03841633537841804,1.2650049960567165,0.32516932487487793,1.9127318859100342,0.32516932487487793,1.9127318859100342,1.4001915454864502,1.9127318859100342,2.018327236175537,0.052731990814208984,2.018327236175537,0.052731990814208984,1.9510281085968018,0.5657392740249634
1449,100,5.165105383635352,0.7711482,0.18998296265698406,0.8351273018341909,0.35501514631243486,1.804741621017456,1.4182448387145996,1.804741621017456,1.4182448387145996,2.951042413711548,1.5116770267486572,1.804741621017456,0.6748560667037964,1.804741621017456,0.6748560667037964,1.8455824851989746,0.6092073917388916
1450,100,1.6455198521753762,3.4477553,0.11682911598702939,0.16022818066384525,2.4149948010137914,3.0566272735595703,3.736072063446045,3.0566272735595703,3.736072063446045,2.483926296234131,3.736072063446045,3.0566272735595703,0.017504453659057617,3.0566272735595703,0.017504453659057617,3.4834232330322266,0.042807698249816895
1451,100,1.7528978136555446,1.0980356,0.5955163458317415,0.17573820003324347,0.7553558558788905,1.0913574695587158,1.40360426902771,1.0913574695587158,1.40360426902771,2.036652088165283,1.40360426902771,1.1570203304290771,0.19360625743865967,1.1570203304290771,0.19360625743865967,1.1259117126464844,0.5193939208984375
1452,100,5.463425213339542,1.980335,0.10133432028527123,1.193968897550991,0.3511090714906908,2.4475419521331787,1.899606704711914,2.4475419521331787,1.899606704711914,2.1112000942230225,2.793795585632324,2.4475419521331787,0.37592601776123047,2.4475419521331787,0.37592601776123047,2.9240880012512207,0.5280660390853882
1453,100,2.351347881683868,3.544267,0.02241013044190554,0.06946946681825938,2.736160998773534,3.925595283508301,4.0152106285095215,3.925595283508301,4.0152106285095215,2.717830181121826,4.0152106285095215,3.925595283508301,0.0848698616027832,3.925595283508301,0.0848698616027832,4.170706748962402,0.12181365489959717
1454,100,0.2129038101928717,1.0613343,0.9583465146905779,0.3601933536007744,0.6309391961359385,1.6863590478897095,1.6863590478897095,1.6863590478897095,1.6863590478897095,2.428284168243408,1.0458823442459106,1.6863590478897095,0.45013952255249023,1.6863590478897095,0.45013952255249023,0.9977717399597168,0.9434845447540283
1455,100,4.2634434459433725,2.3213348,0.03004596882285293,0.5132152678995456,0.8022504102893144,0.2025601863861084,2.150233507156372,0.2025601863861084,2.150233507156372,0.5549306869506836,2.150233507156372,0.519455075263977,0.14568042755126953,0.519455075263977,0.14568042755126953,1.3902714252471924,0.13911700248718262
1456,100,2.643556122498313,3.635197,0.0985983913425108,0.131713278482819,2.703088371800035,3.6288249492645264,4.332076072692871,3.6288249492645264,4.332076072692871,3.201930522918701,4.332076072692871,3.6288249492645264,0.006354570388793945,3.6288249492645264,0.006354570388793945,3.9883222579956055,0.08977603912353516
1457,100,0.8059650988621403,1.758209,0.4716896378271975,0.04341365974972544,1.0946229052413066,0.32271885871887207,1.5806305408477783,0.32271885871887207,1.5806305408477783,0.6232006549835205,1.5806305408477783,1.7605679035186768,0.03659546375274658,1.7605679035186768,0.03659546375274658,1.6278443336486816,0.4387661814689636
1458,100,4.087368232639328,1.3029433,0.20260701782975848,0.8331012554799572,0.40633898383307304,1.5851171016693115,1.2049916982650757,1.5851171016693115,1.2049916982650757,2.0653319358825684,1.3708269596099854,1.5851171016693115,0.4900674819946289,1.5851171016693115,0.4900674819946289,1.6585673093795776,0.4238615036010742
1459,100,0.0554532205101327,3.414374,0.14181309130644504,0.1523010375752687,2.11924407906395,2.517571449279785,3.6719446182250977,2.517571449279785,3.6719446182250977,3.215275764465332,3.6719446182250977,2.517571449279785,0.009463071823120117,2.517571449279785,0.009463071823120117,3.1680641174316406,0.09208166599273682
1460,100,-0.1511869846803026,2.03466,0.29559405588407284,0.1310086391763794,0.9986242341754568,0.4446907043457031,1.5260560512542725,0.4446907043457031,1.5260560512542725,0.21038150787353516,1.5260560512542725,1.3058359622955322,0.09058332443237305,1.3058359622955322,0.09058332443237305,1.1819078922271729,0.32375478744506836
1461,100,1.747343948236096,1.7260804,0.285302175586576,0.6151593711316791,0.056456351889572653,1.3431240320205688,1.3240982294082642,1.3431240320205688,1.3240982294082642,2.6383492946624756,1.3240982294082642,1.3431240320205688,0.8462878465652466,1.3431240320205688,0.8462878465652466,1.3336111307144165,0.844404399394989
1462,100,1.814451065828225,3.0961688,0.21655036957096008,0.004298924542067262,1.746128514703504,2.9992103576660156,3.025150775909424,2.9992103576660156,3.025150775909424,3.3334689140319824,3.025150775909424,2.9992103576660156,0.00011897087097167969,2.9992103576660156,0.00011897087097167969,3.004204273223877,0.002005457878112793
1463,100,-1.624394919013376,-0.5932212,0.11481393357783665,0.32862168053785945,1.1522502904418612,2.539203643798828,0.39867669343948364,2.539203643798828,0.39867669343948364,2.978499174118042,0.39867669343948364,0.02122199535369873,0.4195576012134552,0.02122199535369873,0.4195576012134552,0.016888558864593506,0.41887176036834717
1464,100,1.7404900504390144,-0.0023594052,0.11981965629607971,0.044689513499691635,1.1014823909861728,2.667917013168335,0.031092412769794464,2.667917013168335,0.031092412769794464,2.857936382293701,0.031092412769794464,0.12565727531909943,0.5465052127838135,0.12565727531909943,0.5465052127838135,0.3075796365737915,0.29141664505004883
1465,100,2.495769017003931,2.477338,0.3198582510819139,0.28982249286371387,0.7906207492210204,1.8998031616210938,2.4131107330322266,1.8998031616210938,2.4131107330322266,2.5162363052368164,2.4131107330322266,1.9470765590667725,0.6726980209350586,1.9470765590667725,0.6726980209350586,1.9857901334762573,0.626348614692688
1466,100,-2.276688089368094,1.0052686,0.007760981565078762,0.609244483852714,0.5263091343682245,1.3690359592437744,1.0336482524871826,1.3690359592437744,1.0336482524871826,0.06789898872375488,1.154903769493103,0.8799676895141602,0.12156891822814941,0.8799676895141602,0.12156891822814941,1.0913076400756836,0.6862503886222839
1467,100,0.3094975498445544,-0.49428287,0.04762568339846274,0.045894834561804654,1.4930454775390194,3.2250242233276367,0.28813669085502625,3.2250242233276367,0.28813669085502625,3.480802297592163,0.28813669085502625,0.9045466184616089,0.21466341614723206,0.9045466184616089,0.21466341614723206,1.0047733783721924,0.11459033191204071
1468,100,2.098271568725251,2.3342543,0.12935343997943427,0.4338370116741178,0.8587977560013023,0.9558804035186768,2.72809100151062,0.9558804035186768,2.72809100151062,2.0465335845947266,2.72809100151062,1.8929030895233154,0.1021108627319336,1.8929030895233154,0.1021108627319336,2.16750431060791,0.24217551946640015
1469,100,-4.209673971419882,1.7668463,0.22612205732140156,0.7640394169542795,1.1889638620463943,2.1908907890319824,1.9780465364456177,2.1908907890319824,1.9780465364456177,0.21389293670654297,1.9780465364456177,2.1908907890319824,0.028684258460998535,2.1908907890319824,0.028684258460998535,2.085740566253662,0.6326842308044434
1470,100,0.1588897318063006,-0.31197247,0.032045360782609666,0.13860065488727236,1.3032042789192955,2.7277677059173584,0.6115950345993042,2.7277677059173584,0.6115950345993042,2.622600555419922,0.6115950345993042,0.8027167320251465,0.18524721264839172,0.8027167320251465,0.18524721264839172,0.7436132431030273,0.1982305645942688
1471,100,1.1950004894009156,0.6131818,0.16866967504479208,0.05434352228629202,0.6850649494792993,1.5006263256072998,0.6712888479232788,1.5006263256072998,0.6712888479232788,0.18346762657165527,0.6712888479232788,0.2013123333454132,0.015566468238830566,0.2013123333454132,0.015566468238830566,0.1234893947839737,0.2673123776912689
1472,100,-3.3776721035646022,0.9257113,0.24209169395703178,1.1021801937512306,0.5054087893224458,1.6186918020248413,1.632881760597229,1.6186918020248413,1.632881760597229,1.0191806554794312,0.582611083984375,1.6329487562179565,0.02263939380645752,1.6329487562179565,0.02263939380645752,1.1243818998336792,0.3485546112060547
1473,100,-1.898619200168754,-1.1998649,0.06593318488384847,0.1312806530378734,1.8588506534593212,5.140232086181641,0.7298813462257385,5.140232086181641,0.7298813462257385,5.1431097984313965,0.7298813462257385,0.34967857599258423,0.3769516348838806,0.34967857599258423,0.3769516348838806,0.3387852907180786,0.37975841760635376
1474,100,1.6737823243909702,-0.18243572,0.22559833810808738,0.03814629488384602,0.9555727307175854,0.7791672945022583,0.06104165315628052,0.7791672945022583,0.06104165315628052,1.2199327945709229,0.06104165315628052,0.053749680519104004,0.12485694885253906,0.053749680519104004,0.12485694885253906,0.11877115070819855,0.06987021863460541
1475,100,-2.049230392310088,0.5115403,0.3360485542706401,0.7977872712224008,0.05537524839856739,1.803310513496399,0.9311044216156006,1.803310513496399,0.9311044216156006,1.0636357069015503,0.9311044216156006,0.824952244758606,0.37064337730407715,0.824952244758606,0.37064337730407715,0.8780283331871033,0.5614913702011108
1476,100,-2.5781495337002114,-0.9044718,0.06836971739159825,0.2445136390344791,1.5259301874312956,4.265289306640625,0.48993489146232605,4.265289306640625,0.48993489146232605,3.9000918865203857,0.48993489146232605,0.12443065643310547,0.19556909799575806,0.12443065643310547,0.19556909799575806,0.24409732222557068,0.15606844425201416
1477,100,1.839849420810424,-0.43436489,0.18855029782376342,0.013267725302847255,1.570636599007802,3.5440833568573,0.003402888774871826,3.5440833568573,0.003402888774871826,3.2010433673858643,0.003402888774871826,0.685908317565918,0.026852786540985107,0.685908317565918,0.026852786540985107,0.6867180466651917,0.16557981073856354
1478,100,-1.9008517687927755,0.95105517,0.054524949620577134,0.638587541250941,0.3727257966585584,1.4403096437454224,1.3616904020309448,1.4403096437454224,1.3616904020309448,0.5121147632598877,0.8153423070907593,0.9312311410903931,0.30232977867126465,0.9312311410903931,0.30232977867126465,0.811403751373291,0.6928770542144775
1479,100,-0.7275014433067466,-0.4140508,0.027210430750988168,0.39050209503044775,1.1259265599445891,3.0548598766326904,0.46474626660346985,3.0548598766326904,0.46474626660346985,2.9190456867218018,0.46474626660346985,0.07993248105049133,0.16492384672164917,0.07993248105049133,0.16492384672164917,0.2131047397851944,0.14232027530670166
1480,100,2.3951787618233773,-0.20132989,0.3026215615346255,0.019971755592479434,1.5214838226585043,3.4476284980773926,0.01876208186149597,3.4476284980773926,0.01876208186149597,3.1580655574798584,0.01876208186149597,0.7265567183494568,0.09467613697052002,0.7265567183494568,0.09467613697052002,0.751579999923706,0.23668929934501648
1481,100,-1.7654664327825431,0.80616856,0.21041739058658415,0.7190989076681563,0.5918020548689407,1.7559185028076172,1.311141014099121,1.7559185028076172,1.311141014099121,0.031545162200927734,1.5275028944015503,1.1918188333511353,0.07137155532836914,1.1918188333511353,0.07137155532836914,1.266957402229309,0.7858346700668335
1482,100,-2.3645525015518785,-0.6137843,0.03339523156381574,0.18728922041216256,1.3876353940347212,3.877528667449951,0.29201626777648926,3.877528667449951,0.29201626777648926,3.7036292552948,0.29201626777648926,0.1735391616821289,0.11464232206344604,0.1735391616821289,0.11464232206344604,0.22703444957733154,0.109259694814682
1483,100,0.7721755423279175,-0.14238793,0.14176963932837783,0.18286300637468023,1.2548061550636467,3.0390048027038574,0.3916357159614563,3.0390048027038574,0.3916357159614563,2.812511682510376,0.3916357159614563,0.4811142086982727,0.0845191478729248,0.4811142086982727,0.0845191478729248,0.30648866295814514,0.3114485442638397
1484,100,-2.0697870844592963,1.4955761,0.05603478918063298,0.5484261737041862,1.2672834387913192,1.8031535148620605,1.9717894792556763,1.8031535148620605,1.9717894792556763,0.6216585636138916,1.9717894792556763,1.8031535148620605,0.550440788269043,1.8031535148620605,0.550440788269043,1.8136625289916992,0.9212096929550171
1485,100,-2.9770244404719044,-0.9602531,0.014760266310980485,0.34064926978367116,1.1847730408713883,1.9945619106292725,0.22079944610595703,1.9945619106292725,0.22079944610595703,3.5494885444641113,0.22079944610595703,0.059018850326538086,0.03018057346343994,0.059018850326538086,0.03018057346343994,0.1395205855369568,0.034239232540130615
1486,100,-0.0171855227767711,-0.5919339,0.21844520858613792,0.020474888187516305,1.5450750090249037,3.4164786338806152,0.005075395107269287,3.4164786338806152,0.005075395107269287,3.4535768032073975,0.005075395107269287,0.40659159421920776,0.004307806491851807,0.40659159421920776,0.004307806491851807,0.36716702580451965,0.2092907428741455
1487,100,-0.7516086486207936,0.025966316,0.19028656095061525,0.5979001116250799,0.370313786943139,1.3751232624053955,0.14126169681549072,1.3751232624053955,0.14126169681549072,0.5381463766098022,0.5594626665115356,0.21774277091026306,0.4275614619255066,0.21774277091026306,0.4275614619255066,0.17508763074874878,0.5532324314117432
1488,100,-2.496322569386038,-0.9709627,0.039573511217570356,0.39998299947898186,1.194696458312603,0.9901123642921448,0.13655686378479004,0.9901123642921448,0.13655686378479004,3.6143016815185547,0.13655686378479004,0.0846220850944519,0.0018929243087768555,0.0846220850944519,0.0018929243087768555,0.11123600602149963,0.0033265352249145508
1489,100,0.9733487977847456,-1.1396517,0.06269475692223847,0.0679211552827732,1.664929252162678,3.9699196815490723,0.22942382097244263,3.9699196815490723,0.22942382097244263,3.972607135772705,0.22942382097244263,0.24703258275985718,0.10265326499938965,0.24703258275985718,0.10265326499938965,0.24859634041786194,0.10279971361160278
1490,100,-0.6686209673272385,-0.606969,0.08487212877477357,0.33411533861097786,0.9760951806640707,0.0017890334129333496,0.1427941918373108,0.0017890334129333496,0.1427941918373108,0.09954690933227539,0.1427941918373108,0.0017890334129333496,0.22482246160507202,0.0017890334129333496,0.22482246160507202,0.01695549488067627,0.18674439191818237
1491,100,-2.3666454651368105,-1.1250064,0.055907860276676935,0.5736709983820975,1.1523708713743384,1.4365544319152832,0.38035517930984497,1.4365544319152832,0.38035517930984497,3.697855234146118,0.38035517930984497,0.05591154098510742,0.10383129119873047,0.05591154098510742,0.10383129119873047,0.2293817102909088,0.11584550142288208
1492,100,0.1640706435928519,-1.1447302,0.04220440576678719,0.0005170254363227045,1.5669052471051512,4.304307460784912,0.10896825790405273,4.304307460784912,0.10896825790405273,4.378754138946533,0.10896825790405273,0.294508695602417,0.020470857620239258,0.294508695602417,0.020470857620239258,0.2787531614303589,0.04512578248977661
1493,100,-1.8126921774138107,0.003663145,0.0044464561704199435,0.49195300535174075,0.09699376625460121,1.13953697681427,0.34648066759109497,1.13953697681427,0.34648066759109497,0.05752149596810341,0.725134551525116,0.19324475526809692,0.13242235779762268,0.19324475526809692,0.13242235779762268,0.24464796483516693,0.4874982237815857
1494,100,-1.9937722164880705,-1.155627,0.019505070951283843,0.3430794061792062,1.0560645526627086,0.13729560375213623,0.03761768341064453,0.13729560375213623,0.03761768341064453,2.1556036472320557,0.03761768341064453,0.036974430084228516,0.011261940002441406,0.036974430084228516,0.011261940002441406,0.034568727016448975,0.02420330047607422
1495,100,1.5203319659673509,-1.3161955,0.09634785279887637,0.11295130178076307,1.7144867063234348,3.749863624572754,0.2158515453338623,3.749863624572754,0.2158515453338623,3.7009358406066895,0.2158515453338623,0.4357159733772278,0.2875490188598633,0.4357159733772278,0.2875490188598633,0.4245615601539612,0.2860175371170044
1496,100,-1.69815472202724,-0.4985153,0.1401687246136034,0.5648593951234293,0.5339736508980035,0.8108675479888916,0.23445463180541992,0.8108675479888916,0.23445463180541992,0.6070115566253662,0.3499084711074829,0.0956009030342102,0.42665714025497437,0.0956009030342102,0.42665714025497437,0.050450265407562256,0.4511241912841797
1497,100,-1.0449367867252983,-1.3936479,0.21175645518395103,0.2936352488690428,1.225185018532055,3.762672185897827,0.4498046636581421,3.762672185897827,0.4498046636581421,4.153970718383789,0.4498046636581421,0.0928877592086792,0.32335376739501953,0.0928877592086792,0.32335376739501953,0.22819745540618896,0.2661347985267639
1498,100,0.3562569867793815,-1.1588812,0.11772987916041511,0.10372024975537775,1.6052023290154036,4.057644844055176,0.16185647249221802,4.057644844055176,0.16185647249221802,3.8867595195770264,0.16185647249221802,0.8165658712387085,0.02609884738922119,0.8165658712387085,0.02609884738922119,0.8812360763549805,0.13940167427062988
1499,100,-1.858996208024644,-0.3143903,0.09672786007376066,0.8183648745270119,0.3251162551957921,2.641568183898926,1.2641085386276245,2.641568183898926,1.2641085386276245,0.5039551258087158,0.7049379348754883,1.0443856716156006,0.021238356828689575,1.0443856716156006,0.021238356828689575,0.8073099851608276,0.39159905910491943
